51
500008 999992
499981 500001
500010 999994
499999 500019
500007 999991
11 499997
499996 500016
0 499986
500012 999996
500001 999985
500003 999987
500000 999984
12 499998
13 499999
499983 500003
500014 999998
7 499993
10 499996
499985 500005
499998 500018
2 499988
500005 999989
499990 500010
500015 999999
500004 999988
8 499994
499984 500004
499994 500014
499982 500002
9 499995
499992 500012
499987 500007
1 499987
499993 500013
499997 500017
500013 999997
499988 500008
500009 999993
499986 500006
6 499992
4 499990
500002 999986
500016 1000000
3 499989
499980 500000
5 499991
500011 999995
499995 500015
499991 500011
500006 999990
499989 500009
