100
167246 194326
576228 754458
182111 323364
849534 981065
410322 521603
693114 904914
583323 769333
584480 788738
548178 717018
456908 566988
81843 90051
776869 965955
875656 996821
29044 53508
261369 397330
515967 643203
815005 967459
69490 74852
661474 875706
561001 749903
499936 615842
608072 815105
885100 999670
658928 859720
235311 350497
101926 112538
372642 461998
675504 888401
539597 702904
582680 763479
741125 931938
346725 443900
163545 181790
511791 636500
345637 432592
175855 247578
752402 939815
4162 12046
3896 10911
432222 550424
236190 355190
15331 32928
488807 591588
865952 996598
531829 690438
880972 997520
464903 574452
642188 834263
522009 685969
757282 957886
82489 98837
276458 417660
48888 55108
573589 750838
759221 959679
699133 906973
342426 430580
374380 474002
175060 229252
218659 342591
861818 995534
602658 799262
464490 571330
857861 983910
121394 131879
444408 566101
81213 88899
826785 980701
503974 625641
754724 942117
615309 821443
166736 190825
703033 907447
305396 425599
155459 167111
150118 151443
318620 428035
739175 931023
848921 980951
256668 389813
674412 883738
539801 705596
73393 88391
179057 277717
180763 320390
553180 717641
505863 633879
395714 500827
357626 456538
405143 503864
400885 501510
273878 409482
415215 549200
155583 177016
738701 912122
58238 59854
370378 457584
490928 610782
495981 614826
826627 970820
