100
902838 984227
613020 871816
574453 844523
367749 661513
76879 146435
510211 768368
944567 985777
385289 664258
581802 851311
948349 990790
48548 129870
12253 34784
108026 169175
428738 680466
145546 262543
940749 985729
109245 188259
548414 795618
75287 137460
724356 943209
696172 942339
401600 671057
42187 84759
801630 963146
315564 617344
221625 356615
330663 621355
244941 401209
123678 239863
394324 669790
805707 969475
316946 618694
956228 995793
467215 717784
354662 636354
466998 694984
872703 978820
354161 635423
513941 771745
675105 941478
106242 157111
158013 322732
226199 382538
81282 150304
266065 491244
532449 773764
560994 825854
144157 260501
154196 296470
639356 915379
881022 979283
227061 392358
769052 954828
632280 912935
341585 630306
288670 585160
43843 115163
431847 691900
360394 637772
250234 407071
279844 508846
658464 917981
561309 827609
23765 38676
540981 774201
572755 830562
551722 803644
361995 640017
493794 723219
812075 973042
280801 551457
488930 721335
387204 665533
850746 974791
482615 720583
638441 915321
174317 354303
963080 996778
403475 672673
154684 312725
550620 801299
30712 70680
627982 879324
154384 310906
756693 952798
482175 718345
148577 275295
296843 607488
936926 984596
886581 983359
541578 781967
257197 458804
775387 958164
611041 869257
777085 958217
304026 611353
26591 66175
277348 497582
470918 717970
252306 445444
