100
893951 945036
722686 765958
560938 616170
315601 377540
165826 255623
422421 527277
77944 88895
95068 145708
553792 607102
34351 42173
20590 39695
918524 957835
929843 974181
506606 584460
375637 450456
260505 351179
364147 436144
229416 302961
646528 754564
230750 317424
934097 978806
461184 568494
275217 351599
404010 495826
220764 290951
893974 948251
44862 70507
556226 608750
763232 800993
618451 662694
646848 756921
559795 611902
656305 759530
690809 759569
698410 760376
354881 433992
137052 244016
429760 528848
460582 560118
635500 706252
360784 435185
756195 771519
617271 657298
397950 487466
189423 278782
532057 600166
134532 236616
819656 820447
445505 529916
367249 444366
280410 371395
248474 324653
481968 573708
393293 472319
944898 992247
19077 31356
922541 963724
781957 807242
599792 640877
323765 420204
814733 818140
757142 781264
833801 843575
641033 707262
519459 597828
866020 881849
902044 952283
460904 562037
155780 252093
279079 366450
41915 44708
594759 630450
750842 767969
568523 621804
889534 934478
171768 259280
294574 371670
913453 956330
621517 686779
120250 215121
385032 460742
846298 859749
114486 181008
278860 356979
820313 824397
756216 772445
161025 252295
91279 118596
125701 219470
58194 75865
118867 202802
11694 27955
654496 757385
85761 89790
506626 591825
807988 811103
177011 274342
275896 356431
413358 519851
925706 964876
