100
777633 894424
660906 780718
242237 336334
134779 237640
132879 237419
234311 332851
672247 792946
419877 445458
371752 413259
791964 919265
674286 794771
625666 672604
914724 978747
9340 56380
565307 624643
631747 682451
683313 798991
498153 545478
512809 574344
742836 874860
628105 675252
518449 601329
525338 608490
438723 474248
32292 106830
103062 176093
314595 388273
831494 925337
557112 617160
463496 492309
39217 107365
369453 401601
292370 360453
227363 318314
589232 658139
269005 338883
780406 902487
222461 301193
889492 937568
278116 352232
284589 356803
452084 485051
231061 332094
427294 454795
83136 132220
424717 449209
193576 277885
46268 120880
738188 859486
94731 149552
570606 648872
217227 297395
468076 498287
14705 92395
535873 611353
269833 348300
682641 795870
391671 422890
25678 106276
443164 479684
499694 549383
414532 441769
204684 297048
418438 442279
99999 162446
495407 517224
437399 473611
892308 940728
701039 827537
303617 381207
639775 710162
645381 756710
5237 51635
156466 246923
71982 127433
390486 419859
447605 484359
508150 570284
352217 398626
516113 581365
914992 997995
805395 923558
66191 125649
771080 886946
226943 308036
875860 933021
227883 322144
304065 386680
598900 666026
399387 434886
904017 961564
914919 996683
104310 202970
911381 964133
802062 919517
659588 775501
292030 358005
324313 391331
191699 256174
503244 561982
