100
939920 986447
619811 656800
771928 810499
244100 266226
49968 70038
239444 255636
908669 955238
259260 302597
249903 297782
508282 588520
88002 99653
66531 96610
436888 491196
561787 623449
805858 850680
281325 312769
25326 65213
480303 582308
474219 576672
901517 953025
58039 88123
223122 252449
680617 697749
339098 347683
746373 795693
121671 152608
16212 57146
352285 379851
445277 498280
357677 394163
457478 510564
473594 565081
408298 441636
713085 721438
51964 73735
198341 248167
797729 836429
648318 670601
876853 943143
916634 967461
916213 961337
459977 516788
226171 254509
872788 925113
389987 402502
498318 586296
551268 618644
682075 708625
96800 117324
590370 644767
774522 810717
257729 302007
765612 807496
916113 960803
63474 90067
763923 799200
896164 950319
113401 140387
346849 349077
727816 735445
855743 906428
661343 687174
97374 131286
569493 639023
917383 982162
471442 553150
106493 138773
822038 876457
301255 343615
245879 281704
187145 219868
11412 34510
677821 690185
173975 209081
836116 885445
425099 448435
621198 661458
173933 194157
403642 439495
546847 594765
136221 174735
464837 543383
913430 956770
140402 186637
471158 547131
430261 490813
645009 662025
741850 787349
607167 652363
426602 475071
441301 494292
177107 214899
871555 915198
857634 908246
95788 102229
851109 897683
265704 305803
133838 169881
447321 504806
656876 684849
