1000
100546 103352
419706 431913
693251 719814
635389 638629
166553 187691
790187 835294
336932 355144
519083 527623
465557 466876
828738 885786
386966 390268
14182 21071
680172 690334
398084 410995
632937 638281
715274 755541
636602 639689
487200 490694
167209 189530
155327 168792
683922 693451
770584 812103
806518 863775
318996 343480
186601 215739
14464 21093
457198 459512
962082 998274
453386 454237
102544 109775
902316 966009
612857 614769
266380 306944
217579 257166
405460 417012
18935 27983
277847 315092
273528 311258
494289 500672
299464 327320
687759 698375
503302 510360
683912 693380
599241 600330
64074 66237
335071 351810
612113 612619
831841 888875
239005 279418
817657 876782
247909 285630
199017 231754
694128 725984
872645 942733
356217 366328
751473 797278
89714 97473
680027 690071
349079 364096
557143 571286
924034 981822
842980 899508
919939 979142
601847 602231
265775 304742
512906 523683
214255 250334
831051 888565
770680 814685
644388 654305
747466 788501
177620 206708
123205 126339
951871 992798
406791 418042
100412 102695
953731 993638
265177 304651
713297 751235
532862 545881
137184 144404
366305 376958
309479 334267
185338 214796
112027 117956
822485 879533
533296 549654
332782 351260
870100 938895
212349 247789
897391 961270
860525 915308
443875 448640
145555 160302
250770 285672
198473 222977
342881 362171
816375 875296
25034 39468
365471 374674
334884 351570
470890 474325
135046 141320
62767 65025
749720 795338
347808 363280
468347 470322
4762 6436
686349 696484
694160 726191
117518 120297
667090 676931
651520 658450
171072 193346
287074 319305
713896 752499
393373 403613
787019 827835
79400 83229
689487 701737
782880 821744
801467 844034
144941 154349
462264 464144
750842 796658
552383 564907
352192 366046
141460 148300
667341 677604
256865 291878
63056 65065
219489 263754
620742 623269
180925 210177
297853 325258
45828 55293
940749 988064
496959 503979
747234 788260
337401 355436
587512 592630
714761 754836
527428 538096
39771 53578
424292 434148
678098 689511
503769 513500
570482 576730
820274 879468
65027 66589
945724 989626
253650 291568
81559 85773
547778 557792
763103 806589
192166 219422
382180 386407
625581 629034
286839 319235
378050 383166
177072 204921
141875 149221
322160 348141
97104 99728
386623 387883
819212 879128
704707 746050
722344 758887
785781 823729
455533 456141
295904 322746
917024 978671
1814 2021
696112 729283
551492 563428
583501 589532
309325 334065
492171 498921
293313 322498
934890 985753
473246 475546
595920 598137
539653 552840
764849 808691
738193 775899
594620 594879
345722 362614
939580 986998
692382 716839
217458 252969
879343 946324
317335 342052
38937 52679
229061 271373
800886 839740
691860 716721
891752 956480
281734 316174
164652 180194
863541 919803
909968 972006
702869 743648
83679 87467
707882 747436
218051 259773
195158 220578
68726 68944
854929 907743
809067 864814
234865 273786
8913 11254
104482 111440
872314 941273
850644 905622
369827 378877
390315 391107
875959 945522
159175 174282
289165 321141
328407 349152
154378 168750
594511 594522
173486 195883
835581 890592
69548 70889
953921 993929
882339 948345
781152 821382
662402 672170
861547 917792
450020 450369
555876 570707
733449 771223
167786 190426
867878 930606
601788 602035
321451 345621
39514 52769
199938 232802
868780 936114
233222 271870
827491 884545
148711 162092
806317 863201
929414 983702
952246 992809
911803 974549
177596 205250
24403 36760
929041 983348
909803 971978
85501 90993
181279 210526
885975 951058
640620 643335
144241 154094
51714 59698
277149 311607
863461 919512
209576 246858
914890 975907
416845 427355
125094 134463
676168 686743
810916 866419
423302 432382
417125 428842
495691 502849
145497 158346
487037 487065
603735 606327
17932 25265
702962 744537
866521 927532
841820 896560
176527 202946
507859 516614
63784 65437
701890 743560
551552 564061
385064 386613
949402 991939
122298 122639
686745 697001
757775 801158
112095 118741
583993 591460
624787 627970
612653 612680
581150 583537
533843 550337
407504 418942
23853 32649
578146 581616
99132 102040
262211 298296
22869 31709
210590 247378
24435 38712
745346 785147
628301 631349
406777 417957
858642 912680
127069 134551
582516 589390
486028 486269
403448 415439
624231 627008
608741 609328
943784 989314
132469 137328
473363 476075
804248 856856
209366 246661
868910 937126
662024 671849
467832 469915
721574 758368
499353 504030
665845 674675
690841 714519
657935 669377
870796 940921
230740 271687
469068 473142
177050 203932
934936 985856
922687 979943
218293 260491
207707 244032
950203 992204
574454 580720
10465 16633
307308 333156
654016 663913
501080 507663
846925 903665
611811 611867
209688 247129
699441 733888
459468 459823
653486 663884
752216 800807
573412 577777
100797 103451
489021 496123
274574 311397
123072 125821
129014 135713
917000 978401
663 1048
446924 448727
89237 94871
771351 817277
213515 249730
451448 454173
641542 643566
743237 783380
151031 168190
270684 309604
423766 432711
724787 763586
6632 7646
3679 4907
523220 531328
503079 510180
105052 112884
693987 720829
847501 904681
488105 495767
600441 601751
867342 929134
29321 43957
318465 342915
377455 382060
502373 507911
651469 658263
578101 581503
77498 77808
866317 927381
490510 498353
832959 890140
492606 500283
330846 350592
385368 387176
789023 833531
630880 634843
742858 779262
309193 333675
649006 656936
522970 530468
475552 477601
643435 646440
447917 449589
167795 190689
839128 895274
723686 760499
78452 80604
958841 996929
386420 387822
237973 279168
507936 517993
251992 288880
471338 474938
330504 350346
178647 208241
170358 191949
833942 890570
546283 555788
208521 244442
394253 404407
688406 701181
899790 963995
837516 893953
942536 988269
454805 455032
149779 165633
864708 921312
490835 498409
468556 471739
15207 21729
83674 86651
99015 100719
730729 766501
236376 276358
419598 429284
239614 280617
193196 220127
599733 601025
780835 820829
486701 486825
911738 973267
790643 835729
817930 877045
896020 959184
528336 540380
609272 610544
528593 541362
370376 379012
960111 998049
518370 527544
957507 995741
749714 789279
717407 756388
784292 822270
946340 990890
150570 167271
951339 992694
124376 129702
700027 736193
105473 116567
499945 506030
222323 266321
260677 296843
119335 122312
443462 448445
71197 71582
465289 465323
430925 438679
34800 46766
903267 967343
477781 477854
202683 234615
333750 351299
828794 887595
438327 446045
801626 848167
147067 160370
647438 656372
643702 647785
728573 765822
143842 151127
787317 828960
687823 699650
662429 673961
663188 674668
534687 551529
550579 559827
63929 65529
673305 681575
652537 663385
228152 270670
512378 520203
629006 633715
818825 877692
772157 817571
234042 273661
939317 986622
200115 234361
507050 515440
860218 913247
643957 651828
733469 771413
661948 669659
487691 494902
105399 116454
602985 603606
67339 68584
398626 412388
20345 28459
621851 624436
827537 884880
695902 728031
902909 966266
132928 138032
677506 688684
366795 378859
277267 313569
898183 961975
601335 602002
791093 836699
519932 528071
666139 676181
361797 370408
695718 727912
124518 130567
430759 437720
554367 565776
861637 917814
838074 894729
705906 746965
957833 995865
862506 918246
435627 444115
8021 8057
572951 577598
725466 763919
305912 331950
373367 379446
184001 213150
514866 524354
241834 282845
241577 282752
677089 688304
241042 282402
172308 195378
279377 315876
533208 547387
843586 899866
708918 748300
15367 22458
341047 360673
690661 714439
134432 138782
696232 731175
314097 337462
516637 524595
851748 906764
296297 323671
447912 449450
300684 329711
60579 63938
699748 735370
18887 27339
735905 773215
682917 691082
533293 547739
801695 850658
803921 856440
396134 410572
181810 211438
460754 462621
775300 819328
730953 770412
937821 986307
757916 801760
157959 174020
894012 958449
86629 92775
431932 440251
738050 774305
314398 337739
537552 552244
553543 565105
608904 609986
545394 554690
9990 13539
264372 302855
655164 664254
407994 420175
855572 908080
482797 484910
337501 359295
932260 985219
614929 617853
701622 743507
182158 211620
690572 708780
135454 142416
42889 54867
101916 106772
170811 192169
398858 412425
212828 248680
761821 805890
631566 637567
221584 264850
916575 978001
873056 943011
544549 554363
922931 980934
676016 683707
916248 977232
9479 12921
376656 380963
744862 785041
380736 383908
923758 981654
263240 299761
879982 947468
508066 518890
765099 809588
671940 680067
461394 463623
268672 309341
189670 215852
846401 903425
473645 476616
416843 426518
903942 969017
714380 753149
758469 802483
546509 556917
2040 4441
724280 763323
379980 383739
86636 93100
440933 447270
707022 747284
919802 979098
709166 748878
506011 515040
561043 573796
564919 574708
681281 690745
394415 406825
804672 861821
954466 994516
198589 223863
208633 245903
402568 414999
346618 363126
156733 173094
784631 823213
674972 682449
30782 46594
138883 147459
203181 235152
696853 733384
488426 496032
685337 695012
953536 992843
358241 369184
317200 341893
760110 803971
525047 534596
631347 636227
131173 137226
6062 6665
929143 983556
643034 646061
357193 368353
948653 991209
513562 524033
487132 488272
176110 201257
767579 809895
395816 408250
644156 653222
946259 989674
124521 130801
465741 467636
919099 978735
689127 701671
124305 129317
155330 169780
163362 179149
908687 971192
725526 765423
530708 544013
224570 266361
29483 44026
568328 575807
392647 396503
867119 927945
363885 371860
685911 696160
338738 359301
318999 345048
42061 54845
683299 692071
123353 128528
162291 176020
348774 363961
122801 125460
860782 917450
906284 970494
252546 288907
857286 908148
779758 819443
236351 274670
511079 519581
746554 785911
911992 975697
835651 891064
408983 421402
434167 443553
51288 59047
891205 955887
71206 71712
889919 953651
741446 776738
883246 949040
686927 698323
771135 814867
435362 443771
742872 780436
595678 596577
860328 914433
958603 996926
324159 348695
885781 950870
416027 424982
720568 758101
364836 372816
395779 407744
645637 654336
814072 873728
886039 951138
398245 411883
649433 657541
164430 179822
170983 192966
943306 988918
466863 468425
576166 580932
387949 390854
758561 803325
118844 121771
479330 479918
742090 778895
652003 658803
804324 856891
811742 869750
97375 99772
16014 22709
271055 310003
803851 855996
393331 401909
309711 334879
928580 981912
520595 528728
904760 969734
837886 894308
579135 582846
13055 19578
642920 645976
517287 527510
469464 473158
339471 359917
199686 232267
854832 906836
704151 744944
573340 577770
921185 979837
828859 887602
137621 144479
283873 317391
192664 219677
213332 248727
37861 50084
748721 788704
977 1251
629376 634536
41037 54017
740296 776353
321488 347362
940175 987747
203795 236542
801339 840443
626597 629390
874942 944157
284311 318670
623410 624888
386805 389876
667491 679174
10327 15946
123337 127027
950543 992476
289356 322209
341849 360748
877307 945774
500803 506129
639970 642061
839444 895997
121657 122580
456744 458955
609606 611587
928668 982167
117419 119941
934846 985679
772938 817613
402849 415115
930917 984912
718570 756474
658685 669385
243645 284557
616831 621224
959634 997821
743204 781396
723927 762052
763612 806803
641706 644832
190297 217405
298944 325392
638028 640499
613129 615163
425356 434358
930597 984839
139692 147826
893488 958045
264833 303643
666623 676738
898864 963985
149223 162227
557400 572178
553137 564920
581793 584640
66094 67521
893210 957818
530249 541464
632628 637868
884433 949922
233748 273496
589049 594472
470415 474276
156474 172730
679667 689784
101216 103866
393203 399661
364446 372468
709382 748906
872310 941023
921752 979858
7679 7796
20983 29204
315402 337962
474857 477370
198435 222052
945435 989561
470124 473926
728092 765666
219233 260519
704294 745876
374440 379556
197823 221971
560489 572316
329460 349871
460634 462437
640040 642651
941987 988264
455130 455756
253113 289273
617073 621488
264175 302513
736126 774007
414849 423130
227111 270080
336928 354969
178512 208031
555420 569558
191669 218649
391616 391717
90859 99182
183564 212860
818301 877099
74352 77263
400353 413910
438668 446515
408409 420924
112558 119525
769020 812027
490226 498222
305048 329978
747053 788165
956870 995668
787656 832554
300254 327513
541910 554221
911612 972274
502750 509590
196260 221466
494714 502619
479286 479895
508194 518955
548542 557889
392816 396642
901163 964583
956581 995379
73980 74442
628927 632362
585612 591643
416144 425459
496004 503386
159950 175262
555293 567987
695205 726701
811455 866637
531439 545048
512150 519858
700680 738390
526400 537719
700765 742718
128609 135003
690463 706893
456120 456538
191450 218322
752114 799777
422519 431959
115704 119835
106745 116623
204638 243519
795276 839309
605518 607343
26751 41668
351523 366008
788568 832808
705536 746889
416850 427361
267204 307768
204139 239513
676369 687377
476653 477674
427043 435394
267539 308320
845084 900524
909258 971221
576785 581483
393310 401398
679947 689866
437106 444520
812300 872727
672365 680921
657417 666527
426984 434429
521134 529658
564064 574286
307082 332342
621457 624385
714678 754097
142934 150769
11837 17680
138272 146333
914949 977069
786469 826163
628043 630539
607432 608655
893072 957422
565340 575175
503147 510195
61676 64453
384970 386575
867908 931488
845694 901470
460273 461971
28454 43165
478204 478793
902048 964688
695587 727451
794841 838161
20362 28751
262448 299120
165015 186545
139861 148111
49055 57804
415257 424664
442906 447816
706568 747100
804386 857448
385723 387373
258849 296232
823114 883101
103459 110073
857440 911932
78087 80363
527181 537968
396082 408317
124660 132169
889539 952667
496062 503903
914860 975875
295808 322547
742006 776862
696805 731697
507744 516359
393053 399339
614683 616872
848425 904990
906421 970758
251744 285856
