1000
477332 517508
625671 693070
653006 710638
163401 181136
119705 120085
944039 975410
411583 426168
687050 735456
477497 519948
129929 133702
921645 951087
38724 40258
651242 707819
172282 183861
945344 976111
810893 855342
321164 322523
762815 812744
664761 719601
592609 652565
55667 62813
857386 895411
356666 373491
228790 232986
949173 983898
921521 950734
174311 186333
213359 223286
131371 136011
78030 78288
780813 825043
725146 782332
901187 935079
724912 781570
330317 336270
967127 991965
509303 554748
3694 8121
881365 919331
272213 281410
84786 85837
389721 399391
164302 182073
888303 925578
276184 282477
870394 910458
717975 774417
801668 847819
718716 775461
340491 353155
248174 258877
134871 158409
463546 506147
163420 181445
119898 120681
211051 216418
373659 381615
747734 804234
495094 539389
790757 835415
421414 442896
450654 498905
775312 819472
496834 540122
281049 287045
338911 344716
442748 477898
197826 206084
107154 113805
553058 601267
795014 839864
189694 200834
60712 65996
241531 252463
584614 636479
633573 694835
572639 622779
530483 574541
50995 54478
644987 700370
213309 221225
353565 368451
618606 679466
689029 736425
841793 879972
620203 679807
455364 502457
359541 374102
710705 760191
243088 254045
378792 390336
920430 950370
45378 50468
253953 265047
424185 443207
625597 689426
702379 751789
959145 989756
193516 205119
569611 615567
44408 48589
327364 331150
296956 299010
263267 271882
152444 177078
468927 510086
749241 808288
585641 637634
771696 816733
309081 309960
875448 912660
700531 748993
421316 441969
290662 296212
530936 576649
44503 49677
333445 342147
698565 744886
896534 932028
623775 688572
450383 498154
86176 87055
930458 962720
23936 24344
791725 835626
48322 51808
907842 940129
431309 464808
134899 159379
797335 842617
819203 860602
736129 795952
982443 999279
435695 470027
361231 376139
509795 558619
8868 11387
735217 795436
49520 53957
239719 248086
610250 674945
326630 329735
316447 316624
240605 251910
659106 714811
162063 179010
853933 892731
694216 740836
492328 534913
667327 725257
42794 45285
253599 264787
804788 854073
75003 75320
583181 634794
430006 461899
826573 872334
64972 68977
6942 9332
856287 894348
738213 798170
223774 228654
946535 980219
488729 530851
654318 714127
301572 302630
541526 587207
947564 982117
864979 904634
316677 317124
442816 479936
131605 136941
719219 776997
88820 92340
58517 63234
102395 108748
5286 8242
412350 426737
719830 778227
291189 296738
972746 995097
339464 346945
435806 473792
27384 31746
874560 911356
490380 533512
804568 853778
555146 605260
776117 821070
71401 71469
515850 563732
288240 293458
389928 400973
239981 248701
905016 935817
760559 810740
499514 540942
403967 413689
803686 851909
916049 944021
860805 898702
598906 662603
326212 329451
537489 584983
200067 207192
573184 624938
957504 987831
525416 569180
701118 751324
505606 552096
72772 74104
547031 595049
852616 891668
52357 56511
640831 699912
898081 934745
664893 723996
851320 887577
421084 441886
965496 991671
550113 598236
648585 705399
535379 579898
630332 693928
623336 687130
335137 343273
531042 577468
620577 680309
425405 448401
496697 539793
836629 876803
955518 986993
120184 121045
712852 762380
453681 499595
90802 95374
96772 103189
249630 261697
945400 977806
574377 625466
289834 293872
707601 756768
769857 815961
600051 662977
102023 105981
443589 486890
354549 371798
75712 77312
602520 666619
243346 254058
212726 216485
955039 986820
930581 963229
825879 869448
400725 413669
50319 54132
435040 469167
970050 992569
133477 149273
722768 780221
249978 263530
576380 630392
540782 586734
586476 638935
521542 565665
43174 46492
919842 949423
389769 400247
67041 70154
749189 807670
163766 181561
112114 117024
803312 851572
373136 380039
969683 992228
790392 835337
429131 460875
303455 305735
313424 313950
914848 941103
381495 395156
796460 840664
340219 347877
189369 200825
693683 739098
431224 463403
105293 112123
146158 167027
716181 764753
572767 623934
233372 237511
971327 994562
747589 803910
238185 244578
147618 170633
136411 160382
542026 587854
916702 945885
915088 942554
530629 574952
435189 469471
976159 998134
726928 785646
985511 999978
792910 836158
447074 492504
815431 856765
38237 38859
690383 737036
344801 361017
296316 296829
417812 439980
280749 286079
45705 51440
2087 2618
110077 116160
819416 863525
237512 243537
366342 378598
569368 614150
806122 855175
127613 128267
662069 718309
328690 333974
916750 946056
654060 711062
406460 422345
221583 228351
637748 696175
949585 984145
468936 511486
732225 787987
45488 51012
511680 560698
341037 354658
413288 431485
325960 327980
851587 889148
396947 412262
81201 81642
515430 563688
348496 364608
94402 99447
876204 914383
235344 241935
49239 52572
424424 447850
142395 161434
905428 935990
452102 499312
739635 799908
387847 399271
509335 554865
592633 656545
932970 963336
953939 985840
939199 970627
882872 920540
827094 872601
556357 605428
122661 124672
32784 33136
596272 659685
359905 375565
58832 65406
908446 940179
617369 678429
789080 830851
256838 267718
567996 610936
607477 672003
522140 567117
973263 995388
684641 732976
427155 451617
313323 313377
445295 488507
71512 72118
234195 237699
273941 281645
589192 644929
463120 504902
19691 23037
275240 281685
776230 821271
666725 725045
883446 922142
845703 884999
521228 564411
574066 625083
419932 440108
172852 184339
309792 310296
560007 607885
830084 875366
671715 725822
461663 504516
220076 225957
855694 893740
621113 685967
344295 359939
100482 104631
680390 730177
356053 372123
263036 270573
552162 599224
29808 31829
286997 291446
540345 585975
333672 342270
955717 987181
38099 38444
205136 210363
95792 99817
789513 831487
398803 412717
222900 228514
945496 978345
219432 225609
321815 323893
905681 936867
945685 979050
631275 694461
391603 405155
526711 569309
917255 946879
220291 226038
466362 509321
286540 290161
585540 637622
289790 293639
320971 322361
455691 503967
43278 46549
247854 258869
434212 468177
238095 244485
3058 5847
840849 879438
557401 606262
363401 378513
455098 502033
883053 920755
544833 592487
858415 898053
252457 264144
699659 748089
132977 149188
507222 554541
332537 341941
427848 459892
518918 564280
896217 931293
12093 13760
463953 506353
789678 833536
715422 763689
437852 475900
383308 397061
380975 393499
339801 347102
384768 397354
280236 285968
6393 9120
585948 637791
865047 904889
18529 21511
731667 786774
24186 25301
431497 465204
425478 449179
509379 556107
207347 214299
117996 119447
743826 801214
476909 513784
490201 530927
125198 127780
720736 779820
42164 42737
534613 579694
606935 669680
206510 213229
340982 354459
939208 971979
604632 668388
690022 736476
107037 112379
895720 929158
375179 383503
331481 341336
964309 990103
172232 183276
594058 658776
963935 990000
448573 493902
179955 187052
534230 578294
429871 461744
797322 842110
54864 60099
91668 96340
614172 675241
923924 952090
907694 939840
758358 809812
263183 270774
171693 182996
414615 436980
304927 306201
704514 756160
343041 359419
321567 323080
802026 848028
544020 589340
147208 168991
131882 140703
111881 116252
734165 790000
270269 277700
948379 983152
663376 719577
952179 984950
772798 819153
522036 566067
609937 674904
763105 813799
728988 786575
568552 613423
379665 391727
627593 693278
85900 86393
745841 802610
762273 812552
826506 871415
448760 495300
783026 827181
650776 706237
26785 28340
698233 743943
433225 467366
226309 231373
232437 233627
906170 939464
952330 985586
698192 742270
20427 23072
348619 367246
405604 419773
84300 84562
962831 989918
571803 619891
2394 5669
683231 732477
412426 430474
815880 858073
962545 989901
420898 441332
952388 985800
576579 630502
759077 810723
432862 465854
393227 405673
652996 710353
842972 880313
710553 760134
213578 223721
925265 952281
124894 126378
240021 248836
530816 576454
697736 741244
847306 886671
273555 281557
413133 431294
2044 2522
192423 204436
607546 673735
716699 768836
846906 886509
131281 135821
62537 67057
878357 914950
820120 865996
895474 928711
891644 927945
89149 93830
894217 928686
187076 200105
551603 598522
529433 573013
369291 379906
772605 818751
845198 881405
857858 896795
879869 917425
956999 987672
9190 12453
513846 561731
34794 35398
763939 813809
860177 898493
264425 276178
748828 804271
373879 381818
373472 380450
938636 970248
216274 224278
142542 163452
410943 424871
109011 115954
734773 792825
82877 83413
896808 933916
524678 568272
709150 759546
536112 581736
464539 506953
549995 597696
527026 569639
148762 171337
572631 621921
775374 820925
548933 596450
621756 686492
883944 922398
97739 103751
938069 967533
817029 859752
96381 101295
96554 103127
971951 994626
204344 210230
385905 398618
493126 538108
83126 83565
265528 276860
771928 817460
264496 276777
512124 560980
408694 423782
721649 779870
303361 305088
837800 877749
272328 281477
354405 371655
578954 633122
249939 262969
934676 964133
505000 551965
943506 975074
447764 492511
716208 766729
648340 705369
919241 949216
90664 95311
861890 902574
311450 312856
547946 595916
342060 355303
193900 205251
886279 922935
149194 173805
399744 412977
418570 440072
162478 180535
609932 674127
586773 639326
449060 495522
886375 923516
311947 313231
601160 665704
181777 188440
5772 8332
142014 161343
343084 359440
673553 728945
353036 368234
442638 477607
165877 182202
886911 925378
912799 940206
390707 405009
102207 107106
235752 242445
591786 648711
714153 763244
428369 460131
627995 693325
390204 402329
734637 790676
744650 801925
167673 182447
235060 241699
134728 154302
562778 608152
888950 926983
427803 453309
102379 107354
203261 208709
951812 984276
384935 397365
534527 578459
794838 836787
797668 846236
735211 793732
920068 949883
458418 504364
353883 368641
382567 396434
940457 974993
52721 57122
102975 109622
761790 812486
473849 512299
816339 859339
619300 679556
287142 291621
248435 259001
788212 829486
88015 90525
427758 452269
544691 591045
150989 173872
47056 51561
51666 55392
584214 635354
864863 903353
867204 906446
184528 199378
7355 10016
468608 509838
282675 289836
393532 408851
36113 38026
44319 47675
194006 205876
277545 284919
736802 796203
653221 710963
465571 509090
935905 966695
387336 398637
733554 789085
54432 59028
262411 269063
377827 389431
474442 513004
800423 847729
339368 345382
278981 285917
37061 38346
938083 969918
291118 296515
331094 336632
582576 634121
208322 215319
346986 362187
640514 698585
348462 362267
572893 624818
18791 22082
450191 496787
674125 729072
690560 738489
482109 522486
918739 948677
436946 475059
377833 389640
873233 910781
650703 706184
944920 975824
975446 997522
946742 980503
764435 815386
725590 784709
492009 533814
432273 465377
958853 989342
232942 237350
966362 991890
244387 254662
440064 476412
24756 25495
446742 489189
158542 177592
31589 32186
673469 726249
797884 846627
638517 696502
79330 79787
552093 598885
247653 255353
354871 371980
163 1149
86310 88199
9282 12569
340368 349374
905457 936179
342475 355363
99129 104380
132008 146703
271537 279439
637392 695101
361237 377612
117138 117924
90295 94131
145442 165892
484813 528760
327719 331332
95821 100726
789934 833718
159857 178916
971202 993709
191305 200908
782137 827136
258787 268248
134604 149435
256796 266088
340618 353220
878618 915683
712090 760694
594795 658928
124159 126105
734690 790951
646182 701903
209475 215691
436662 474426
416183 438281
777818 821385
895975 930362
785680 827265
306637 308699
809928 855231
539287 584998
138900 160577
476978 515244
414563 434298
3505 7145
926138 953234
559020 606898
447040 489605
865761 906367
135302 160234
15079 19447
803724 852198
804590 853914
916627 944371
104654 112019
577493 632084
685374 733137
754224 808480
975887 997677
505940 554080
438604 476129
800156 847546
297050 299666
796814 841016
198867 206391
737720 797217
299781 301828
191313 203536
601683 666110
335704 343275
553304 602286
183410 195626
645579 701703
620909 683031
283040 290056
984180 999429
125435 128185
660745 716166
894006 928106
506304 554533
277471 282801
317328 318536
906155 938443
319159 320823
75503 76031
781895 825099
149111 172136
612552 675182
13834 16082
682376 731366
511325 559107
913804 940436
53498 57328
698872 745131
120991 123947
836874 876885
454810 501116
14368 17140
257229 268184
669819 725793
980094 998308
481214 520697
33779 34175
699393 746300
381825 395980
587904 642822
918123 947714
825359 868026
60703 65722
882453 920257
686434 733462
129433 132807
946196 979178
123177 125604
970229 992706
716694 768603
718898 775492
475929 513169
256644 265478
331390 340966
501086 545531
982321 998927
897446 934302
738598 798454
174123 184558
529389 572217
342669 356894
929512 956918
974018 996880
393780 410429
615462 678271
337423 343466
692796 738716
210830 216209
518909 563890
359135 373853
828699 873498
186669 199848
766567 815404
851930 891401
868615 907166
207508 214645
930409 960997
791566 835450
322624 326237
220316 227553
861568 902263
528407 571856
590616 645075
829619 874420
813596 856419
708992 757822
469112 511664
422416 443161
933131 963598
21819 23254
484940 529313
224797 231320
433647 468029
690551 737675
757931 808755
239024 245913
674341 729257
18915 22091
553558 603053
597776 661983
385195 398499
244978 255279
575696 626162
268827 276915
838230 878186
761062 811693
55622 62012
263469 274588
930285 960208
431238 464382
368449 379072
948868 983158
857403 895638
128089 131255
62901 68470
503342 550992
577025 631778
964954 990276
236233 243127
890983 927352
53938 58486
662255 718891
282564 287872
123639 125633
241079 252226
152294 175232
569847 618445
850613 886970
766883 815882
131619 139533
26354 26816
602772 666976
530357 573101
405785 420024
703386 752749
564288 609865
377603 386534
673032 725937
544895 593820
958410 988247
