1000
939744 959287
948725 974244
95757 111299
203232 207965
67901 86572
624595 628427
126942 139551
685324 694698
612217 616546
215685 224362
893996 908905
513750 537383
458833 476354
823169 832322
170680 176871
210759 218346
815753 821164
374566 387457
452210 467628
924248 941970
377170 388389
293988 305524
975964 992609
708978 711839
719143 721821
54927 78645
130362 144811
25959 34176
249031 263356
727569 732475
87018 104975
397696 405670
111793 134380
104512 124877
291154 300476
975823 991976
240308 258014
14236 14256
500872 516229
334857 347189
470962 486732
494658 514200
961795 981530
107962 128048
971731 991608
339564 348541
796928 798065
324773 340106
914116 932035
910084 926730
576291 597938
504837 521832
114004 134607
460105 479189
822997 831991
313310 323248
736459 744665
352814 362609
736307 743738
344414 356410
872026 880494
163617 172488
396126 404359
217660 229524
355366 370588
865333 880398
683229 690737
316783 325487
208422 216032
251758 267020
723906 726245
317197 328956
894348 910697
759317 764274
25755 32020
419446 425997
423250 426648
20576 22244
246906 263129
395421 402800
574045 586011
772619 776482
786389 786688
230573 245295
34458 47786
895287 912108
802413 805343
855192 868914
453479 471580
982758 998171
756840 757093
812667 817460
211190 218379
287768 295207
38843 61408
754143 755444
299516 307906
617393 625363
468710 483661
761099 764580
873821 881760
941770 961974
166347 172966
538486 554498
332510 344787
458706 474185
672997 673150
523240 548102
188412 191865
476817 500056
389620 401015
749555 751119
482929 502023
715329 717123
816011 822851
162114 171076
101549 121579
827103 844796
484273 503215
513097 535929
283832 291296
104153 124667
330022 342352
194594 196249
317396 329181
287232 294232
367049 377744
445827 459622
85704 104036
877894 891868
271356 287110
488175 505091
354579 368192
335170 348246
62639 83258
301897 312498
710459 712329
814185 818803
471865 486977
128651 139889
308842 316042
201299 203331
105280 124953
418766 424243
573556 583968
937801 958152
879030 892209
963333 983889
350901 361379
342767 355330
840746 846306
37625 58037
242456 259862
956111 978647
465767 481914
863701 876930
953448 977828
902029 920036
206625 213502
85633 103502
631392 634687
62644 84510
275734 288111
842523 855088
945105 968538
15109 17184
673816 675798
825394 840046
783840 783874
864923 880377
154242 165898
912643 928237
932244 950521
671128 671559
738319 745219
196195 196359
625412 630289
402246 408953
639830 640394
369924 383205
963235 983878
459967 478946
370183 383896
817691 825789
106955 125331
290800 300243
810829 811528
239161 256582
216461 225100
773920 778484
406071 413423
17018 17554
240006 256876
579824 601064
908182 925809
522951 543530
62483 82767
605727 612861
292544 302888
51228 71176
332816 344926
485586 504622
646911 652248
201714 205228
351223 362058
617115 624496
43290 66334
788438 788891
935894 952936
827676 845085
626215 631676
514962 539242
522992 546724
794889 795901
229641 239478
702085 706450
242834 260552
323127 338592
933413 951239
452424 467808
801160 804964
288178 296954
218571 231145
426390 426923
462644 479877
395895 403710
969415 988420
728878 737003
440636 449720
51152 70815
3341 6560
305091 315606
317709 331030
132953 148575
911686 927659
18934 19440
854807 866059
172304 177565
385401 398017
281524 288696
463821 481154
141328 156785
91650 111142
144055 160448
764547 769108
846969 860726
812848 818633
438596 448962
559527 570222
472215 487034
795788 796000
161701 168760
705229 706483
48123 69653
807271 808367
942112 964265
270813 286241
68855 88284
381172 395446
491092 510674
661184 663657
466309 482674
250983 263753
543 1780
142019 159783
233708 248911
99590 114363
797036 799381
414286 417218
945918 972176
98632 113015
780646 780926
309303 319547
261163 275401
36894 57832
236811 254477
884672 898337
1889 2079
861292 874184
629163 632996
85840 104767
289393 298103
756944 757521
131427 145208
949675 974382
679021 689961
71130 89835
392467 401759
306992 315813
526890 549208
576133 597371
920105 934810
618289 625643
936425 953221
218591 231161
241811 259430
375943 388373
137381 156272
697865 703284
102990 124221
758918 763339
531416 550031
882185 895288
300893 312320
729075 737206
432471 438369
928833 946564
356809 370678
603803 611885
287749 294723
270312 285178
505640 524875
197712 198238
148266 161575
60366 80243
484666 503680
563911 576467
661238 665241
363584 375167
369116 380276
222866 233780
399154 406567
318983 332999
353548 366988
890238 900032
374065 386146
969825 989895
596151 610226
698048 703606
729273 738941
238845 254836
945554 970113
677119 687577
263191 281006
841627 852735
742718 747501
192031 192058
438273 448817
921529 937029
554761 565750
923871 940927
458904 477155
636105 637809
809840 810826
796972 798152
721405 722878
323128 339102
874837 886026
895558 912183
429813 437762
368092 379603
844895 858606
19309 21799
83365 103353
148637 162239
677683 687588
596111 608364
249961 263456
512778 535439
61581 80695
428459 434330
742858 748677
38889 63241
602540 611650
495927 514723
460369 479736
347892 359790
574282 587285
96636 112547
858332 869763
781906 782093
567279 580725
155825 166652
851226 862735
758804 762303
614883 624046
396772 405183
666856 670212
641579 642863
41762 63347
692827 698519
294020 306016
346143 358770
656049 657535
763280 768425
644708 647929
746170 749422
776532 780718
672521 672719
562106 574818
548782 562514
850078 862121
311526 322975
122145 138088
613103 622649
968222 984581
880819 894795
129982 141570
731351 740947
896508 913297
369549 382807
71993 97467
762489 765749
266965 281742
185280 188271
550531 565306
27415 35685
850490 862210
784295 784829
245488 261963
849388 861186
911592 927189
763784 768771
193086 193476
724843 726862
711220 712365
725491 728326
841024 848900
975860 992563
8981 12564
475885 499254
418688 423359
88134 107438
767114 771172
578511 600627
168005 173275
400882 408578
905279 922211
386405 398647
433125 438983
215217 223265
644625 646106
426743 429304
125182 139124
694788 699237
807374 808757
71731 94053
968930 987539
750853 752130
456776 472011
18890 18898
979964 996216
670769 671142
818826 830051
139599 156477
425867 426664
968244 984593
152681 165190
33121 46004
397092 405361
452517 468131
682888 690227
688623 696646
713694 714589
494436 513910
937923 958535
393019 402479
194159 194990
927654 946098
154804 166396
100029 116791
255632 269893
535133 551396
739201 746048
640470 641496
6323 6676
873867 881977
200286 200880
319467 336927
381564 396938
773403 777949
559009 569543
608212 615932
7565 11135
217005 228280
699506 706053
259379 273048
373388 385119
695480 699946
219324 232879
591427 604809
378611 392462
239830 256809
404561 410672
146248 161465
958331 980664
767376 771269
169464 175904
378782 394356
448350 462920
116880 135721
822729 831895
607085 615896
938990 958796
291765 302838
437924 447940
825784 842088
931533 947777
138170 156280
347640 359339
363846 376155
791047 793457
404094 409797
721253 722340
259067 272323
945394 969514
962800 981972
124431 138099
472616 489527
573048 582534
670245 670371
124462 138273
200006 200032
876578 889554
185018 187160
206778 213964
662976 667423
14558 16802
756759 756876
952837 976894
427895 430260
381234 396434
261028 274944
588223 604331
197452 197503
229745 241280
473906 491706
855894 869405
134794 149396
283081 290450
59590 79214
787628 788083
454759 471946
560818 573988
36710 57660
976731 992767
661570 665433
452556 469918
658422 662902
655336 655464
442478 452777
374242 387000
812427 813417
256161 270298
304783 312661
216826 226008
157804 167430
699334 705592
211293 218451
728329 733991
739652 746687
728361 736722
775825 778528
36298 56522
61778 82181
799546 802249
233204 247114
545163 560625
448517 462988
731090 739797
354598 370015
728301 732766
956389 979324
495380 514315
706364 708276
980730 997052
847567 860937
285549 291472
960793 980858
300154 309667
593664 606172
185528 189262
638244 638707
369191 380386
209216 217311
981300 997150
415578 417830
790040 792340
18105 18605
879953 894072
30479 40949
29911 39935
74804 99046
666597 669880
108658 129302
131584 146963
272134 287681
586117 603104
862245 874454
665176 669614
3335 6265
539144 556869
380977 394563
258150 272044
604912 612751
752763 753625
538615 556041
682146 690203
807881 809093
57508 79142
579910 601576
943027 967486
317685 330233
632535 637356
300172 311081
135007 154117
110022 131041
7262 9264
564747 578259
661785 665907
614701 622754
287093 292750
437053 446965
202008 205678
117889 136584
397965 405730
583818 602286
177474 184061
33866 47696
433706 444216
269583 284089
42840 63695
576002 592126
876260 889294
550344 564789
673858 681484
176159 183258
149862 163827
722700 726195
545629 560964
70322 89601
874343 882910
743930 748945
843268 856603
363374 374477
363507 374547
611152 616361
270256 284258
879225 894045
334265 345053
315895 323666
841652 854812
926677 942256
575876 590728
449898 464883
110796 131608
978508 996193
706249 707421
59937 79501
30823 41611
65644 85467
799193 800940
60479 80520
362966 373616
595451 608360
224505 234834
434507 444559
696378 700295
686992 696306
52439 75308
837339 845741
745712 749199
290603 299768
415979 418657
251445 266153
726674 730007
175446 180168
186020 189367
657468 659105
823891 833912
252490 269717
200583 201665
104056 124433
692851 698932
899884 916393
340113 350401
602295 611414
768337 771680
630238 634370
361164 372662
561132 574287
766263 770380
193629 193903
346100 358063
711487 712510
321293 337258
436253 446434
942618 965020
596492 610716
735948 741106
219750 233725
676106 686078
251069 265491
647422 652384
35575 50277
62071 82425
770601 773902
325593 340998
102896 123543
568753 581445
698854 704240
225406 235286
205780 209402
604011 612026
233483 248054
543519 560186
554222 565699
82080 102434
34952 50162
184349 185470
27262 35461
186987 191514
102035 122173
536348 552551
218604 232029
612601 617796
984707 998800
846226 860575
521587 541516
625783 630521
413097 416483
226214 237559
673269 673308
77275 101075
353752 367028
317084 325500
146580 161484
499888 515538
362943 373235
826377 843018
192185 192721
558749 569392
952716 976395
36132 56269
950164 974644
789635 790006
536755 552604
892517 906892
359238 372189
503269 517694
835474 845383
736713 744921
845839 860306
24458 30075
212665 221803
946607 972875
520124 541249
980533 996823
156385 166941
35891 53335
688677 697495
796101 796170
491493 512273
715691 717209
921357 934919
100838 119423
504586 520946
643892 645773
856021 869596
206967 215977
805113 806201
310566 321629
490286 508235
597164 611382
560422 571366
197199 197299
458326 472980
344371 355642
788881 788965
674725 683606
717509 718832
677830 689241
840489 846299
417035 422924
844668 857832
319212 334358
862850 876119
341272 354440
88947 108503
24446 25045
451129 466551
90820 109676
921503 935371
326337 342074
817620 823779
451215 466694
956087 978587
121488 137745
697270 701083
989878 999239
717378 717812
168854 173287
825557 840396
223410 233871
357454 370869
96574 112064
581185 601648
459513 478579
746552 750209
768679 772072
340983 352516
782382 782584
818351 827112
543509 558917
707591 708630
569052 582219
971697 991191
462916 480132
953193 977819
175540 181932
225847 237444
296149 307246
350678 360356
28348 37566
888525 899680
884505 895803
141820 158538
174715 178548
441944 451481
901964 918616
101425 120042
900016 917545
971596 990362
803028 805666
942904 966456
621607 628112
157813 168024
757567 761557
511504 532597
474826 493703
291524 300636
901107 918440
827083 843316
864886 880354
721809 724691
527706 549362
642157 644447
66492 86497
201509 204762
161052 168545
217534 228427
159168 168261
51698 72652
537261 553187
748889 751077
506028 524961
321841 337275
257839 270337
673882 682933
226434 237905
640165 641336
770465 773197
213820 222937
742813 748194
790805 792550
587225 604307
444434 457807
428140 432281
12291 13550
363204 373704
353171 364651
684412 693396
688748 697597
932234 949563
769087 773112
824175 837996
109508 130634
712336 714239
561652 574805
800172 804833
490998 509173
754188 756404
509849 526504
906739 922542
488846 505246
663740 667812
266437 281661
643517 645770
674093 683518
458558 473995
690756 698382
977885 995590
615533 624402
805602 806261
951411 976087
322371 337817
261973 279185
128020 139795
130335 143117
426433 429246
269341 283492
665220 669678
441202 449829
475116 497271
644833 649368
358902 371680
653564 653982
884767 898933
182704 184279
418958 424941
319384 336075
853221 864594
906774 925789
806554 808146
474357 493674
226561 238073
825649 842025
656572 658907
781269 781301
730428 739235
243573 260693
737493 745203
499399 514957
549512 562874
462963 480839
182989 184829
981572 998058
406647 414131
715875 717643
917056 934767
524658 549144
858375 873078
10041 12694
473740 490972
226947 239438
845799 859716
625075 629023
809696 810277
261182 279040
798121 799866
874917 888191
377217 388749
863165 876242
657794 661359
582544 601923
21412 24561
374033 385719
14626 17066
368374 380258
902848 920162
345491 357296
294829 306634
365568 376271
3243 4046
939898 960325
735794 741047
516797 540435
654516 655078
461975 479752
565112 578723
665135 668563
897348 915208
60528 80547
977777 995015
202414 207348
369315 382104
297752 307331
843981 857580
549543 563133
796719 796766
416871 420784
555204 566287
296622 307280
859473 873680
860213 874007
324216 339414
80674 101829
226653 238746
477870 501218
968186 984374
99855 115532
567238 579513
720193 722028
961734 980882
916177 932526
370970 384913
565563 579177
934443 951889
109849 130734
384578 397239
893958 907811
898967 915520
38545 60619
131831 148392
32376 43078
445234 458620
958296 980662
620909 625795
511307 532207
204566 208462
927583 944619
428042 430916
801729 805326
806329 807748
212096 219207
387027 399875
530031 549792
627553 632130
163428 171518
336765 348327
