1000
728987 850742
704849 822760
860282 966051
892696 978380
837362 952299
573900 651310
794815 914657
130288 149048
12208 19772
779945 907243
162389 185392
619129 706658
942758 999362
78667 89179
930231 994461
175023 207918
548985 632410
819866 944023
133842 151801
623790 719643
37071 46547
429645 499214
810847 935813
290662 344697
720576 840576
94442 110841
146405 164100
904033 983320
769279 898087
625437 725602
386476 445758
351811 408540
699168 818944
111947 132188
102740 126342
891142 974388
857809 964482
520186 599101
561005 643364
315694 376060
311633 374004
791999 913250
472935 543271
294689 351317
396263 457208
82902 102617
284295 333606
282379 331899
600607 682622
765054 893385
362702 416420
231132 261285
54563 62516
836819 951680
647749 751190
96897 116546
864109 968612
166148 199873
27407 28979
917249 990184
370210 427467
814554 940095
571929 650440
290214 343321
62238 64150
218306 245580
242948 267295
256764 289467
900885 982107
482500 550952
225095 254760
545657 625249
386278 445273
92355 109972
591970 667994
934029 995341
151815 169057
40114 48412
70752 77275
144088 162976
165120 193990
281315 331586
686230 805112
607037 692626
659021 769957
332470 391381
860549 966369
3607 9495
115465 133498
38241 46707
892739 978561
277205 322593
351962 408922
501970 585387
667045 786363
555583 641577
69474 76571
406975 478403
202500 233232
164105 191843
622999 713709
662022 770377
854137 963003
658656 768801
367819 424883
63852 71402
348967 406519
523229 603687
486439 554322
712752 831246
609933 698184
252324 285004
233922 261479
870574 970874
149327 167956
294755 351953
773450 903883
504550 585636
47363 50753
714077 835131
305888 365418
724582 846179
631590 732214
710225 827177
177632 211938
650012 752704
908073 986117
220323 249260
373546 430739
302810 356835
492977 559590
426539 498614
205860 235527
191557 224441
153492 170439
624556 725022
50466 60121
891319 974490
474420 544276
704780 822556
159730 181464
324756 387549
657306 757759
868011 968902
125129 141088
470739 539247
771345 899494
563785 647946
283963 332516
428099 498888
895606 980876
539771 616931
82549 102060
870207 970677
611028 700627
591406 666413
910970 987114
201863 227893
127757 147319
197876 226204
923511 992621
760985 889991
96758 115768
606691 692425
931480 994734
345301 403247
839190 953523
674249 795603
805815 929194
115923 133747
208102 237783
762000 890245
360617 416265
541696 621679
397815 460282
879264 973036
218542 245735
248555 272689
19236 25721
508087 590646
405662 471189
476892 545428
103152 126399
718093 835864
404801 470100
70260 77025
852985 962023
838931 953451
345992 403510
163394 188503
80373 94946
430242 501106
330177 391040
613456 704593
39801 48279
525132 604389
94009 110110
107169 128506
249491 273506
565448 648120
708873 823382
288727 341245
166 3224
173809 205684
579391 660093
318185 382386
942624 996322
547736 629575
401228 466616
72343 80092
380881 440149
13521 20026
936781 995356
746998 870441
165954 199357
27638 29226
811871 938874
32876 33272
222344 249528
687704 805914
30987 32778
726849 846912
801700 923456
346433 405057
538848 616127
816739 941498
312740 375030
397705 457343
592101 669239
595994 672883
177167 210251
841053 954493
1287 8995
762493 892653
106354 127622
285282 335893
524771 603753
454894 528584
273457 316286
271692 315555
624423 721893
142959 161533
699210 819292
825189 947153
355319 412621
836772 951514
340997 396938
629730 729762
626780 727131
62912 69116
822108 945206
432844 509621
432446 509569
470469 536516
49858 59147
16519 23893
796821 919682
895288 980074
484822 552955
809153 934393
671700 790198
913314 987990
473585 543504
921199 990439
66023 73418
809379 935257
95489 115563
473050 543276
644647 746623
650787 753217
930930 994581
712016 828538
774780 905465
894875 979704
814762 940193
303971 362039
748196 873120
486069 554042
544397 624746
432323 506499
19659 26637
891608 974903
663467 778008
474374 543748
863211 967844
731180 858137
269327 307612
621118 708985
286930 340861
356311 412639
256440 287642
399051 461780
580564 662645
476239 545036
469234 535704
392551 453953
110497 131650
719239 838429
742593 865636
277396 323509
369944 425627
815498 940233
809071 933558
662117 772772
331986 391275
914381 988195
807659 929377
877209 972067
693425 815013
409515 484331
485958 553468
824007 946335
385335 443407
585170 663825
689238 809064
658632 768541
444468 521696
262970 300870
40963 49221
332041 391284
922070 990696
246650 271548
756995 886299
292295 347209
602707 687393
344822 400041
47820 57113
36037 45340
651807 755149
568809 648968
819554 943324
274819 319227
670247 789480
480177 548746
577501 655309
375771 431295
822562 945503
202833 234558
620571 707803
421033 494144
687643 805563
713891 833013
281064 331324
313825 375453
893542 979327
834326 948542
10491 19740
622088 711008
399915 463928
707625 823358
71428 79235
486700 554477
78554 88779
79541 90354
796221 917835
446802 523466
605819 689366
425787 495849
543346 622706
21609 27646
713922 833437
509553 592628
62783 66065
224350 254163
574117 652966
601097 683503
688938 807501
859482 965951
92187 109525
922867 990938
9794 18008
234759 262274
66567 74131
586017 664939
367681 422579
79531 90062
904320 983476
47562 53699
206447 236505
788022 908484
906156 985798
748585 873200
370824 427577
264349 304437
348180 405088
90422 107288
453926 528569
615267 706049
95430 113859
358134 415237
726630 846194
496683 573473
540445 618649
801400 923304
578465 657945
805146 927327
749886 879790
188402 216224
152114 169564
328141 390800
647475 750934
150421 169034
727069 850656
314274 375457
453199 527825
744386 867594
416344 490772
309718 371575
138754 157741
387843 448094
723285 844670
882804 973616
2319 9356
638047 740821
169249 202679
692701 812284
823658 945703
420358 493418
495019 563380
804076 925380
766158 894858
287021 341067
250553 273810
366316 421740
349046 407418
921691 990599
102525 125229
38333 47221
603622 689225
790059 911905
139091 158664
820435 945146
9476 17404
555395 638996
223408 251103
205475 235410
657627 758052
143433 162626
665996 781889
344562 397831
273781 319182
903406 982753
839945 953722
606457 689582
649371 751637
161349 183093
709154 825476
364494 420449
228320 260565
48451 57741
706496 822786
841781 956578
408970 483717
516137 595864
901312 982260
635210 736963
268246 305515
380382 435772
10277 19009
337062 394517
709498 826277
836725 950701
8751 16013
83913 103205
637606 739294
485859 553219
476119 544922
748818 877390
384266 440892
677215 795811
307211 366003
139747 160289
317297 377926
413557 488623
394744 456441
723264 842458
191497 220674
662559 775673
540281 618010
848567 958778
75311 86475
252289 284687
602559 687365
560144 643102
808185 932888
726969 847320
648376 751378
800076 922167
154243 172080
310652 373863
461228 534056
214449 245039
938864 995994
773427 902866
269268 306707
431577 503939
678210 796875
409838 484639
499309 577104
333975 391959
300419 355024
859578 966011
269695 311443
894649 979672
208943 239688
643923 745184
535161 611622
417665 491556
511963 594114
432922 510094
897329 981018
450842 525375
580075 660517
789235 909692
875510 971199
413558 490655
14160 20962
754726 882951
763451 892965
295258 352274
403220 469981
376631 433209
720530 839761
835646 949335
81181 97613
85643 105087
527197 607116
892352 975822
242371 266506
371106 429605
323160 384022
422478 495109
830449 948090
314526 376047
536797 616034
235174 264684
536334 614071
496309 567323
199141 227654
899146 982075
829919 947758
416883 491062
841572 955789
278933 329317
359282 416194
30886 32734
431200 501266
109539 130837
423308 495806
327855 390656
177253 211555
426121 496997
1843 9054
161715 183426
439536 519161
156135 172348
120883 134045
651996 756025
162079 184552
122678 139671
251392 284397
299089 352414
179905 212960
401747 469939
126359 142317
661518 770345
753459 882558
692658 810345
86142 105446
268362 306089
736293 860902
135739 155518
506910 586310
193596 225526
861724 966508
831700 948252
136442 155634
658831 768902
29671 30305
911748 987142
593271 671027
497924 576065
190703 219515
730068 854697
115267 132273
139385 159972
312719 374993
308019 367701
931525 994881
27058 28066
204640 235002
8450 14017
163844 189650
229728 260941
825482 947393
436703 517332
139376 159637
628259 728176
168763 202614
33125 38999
928434 994202
261918 293895
31445 33183
595583 672283
541227 619319
600461 675054
914923 988898
286002 338972
252658 285816
772345 901928
846430 958065
908825 986690
865912 968872
355115 412201
76216 86853
878040 972593
77728 88323
267374 305490
814031 939910
823772 946209
97036 116645
551695 633450
858188 965178
800883 922178
390749 451128
726908 847216
535554 613928
518119 597411
601491 685276
324555 386723
402900 469942
555833 641982
238132 265866
646120 749025
680461 799103
769757 899419
799567 921778
335728 394070
215489 245308
277948 327487
171984 204637
658248 759505
514428 594819
436515 517069
184429 213262
380946 440526
855428 963619
22503 27984
732273 860757
682235 803095
35370 42929
178534 212263
397933 460793
326645 387566
856938 963717
435165 513787
211126 241220
100871 121504
552034 634616
665379 780567
773596 905264
789496 910828
290751 346728
462248 534186
585692 664081
511710 592900
595421 671738
787828 907929
406672 474001
487862 554588
253865 286719
836283 950460
465550 535169
795174 915759
889811 974327
125512 141320
80949 97414
163280 186318
869410 969298
624520 723505
176050 208236
817389 942606
848911 958837
796030 917668
494597 563218
62586 64645
848269 958301
352771 410289
380627 436186
332837 391660
105095 126995
270063 313745
97409 120312
265942 304653
908410 986173
623447 717587
811448 938451
272800 315908
551455 632459
90139 106536
157675 174010
676358 795703
80047 93922
743370 866739
55955 62788
569688 649870
511734 593528
225622 255194
933686 995011
14996 23625
893433 979130
262641 296303
925372 992712
925804 993118
905414 985199
519300 598193
302168 355557
885512 974208
323994 385266
469273 536072
352848 411338
715072 835795
363224 417887
622991 713657
392832 454357
129769 147659
772338 901132
543524 622956
739481 864496
751137 880506
435383 515685
632442 736595
874650 971180
706568 823003
269590 310408
14865 23013
702391 822126
251098 276750
86428 106164
32879 36436
263174 302543
612242 703805
791475 912426
434134 513155
446900 523594
841513 955226
799687 921807
42691 50222
501682 584661
546526 627815
358432 415674
262884 297970
141018 160960
421810 494363
165281 198864
923172 990980
386702 445846
253389 286163
409632 484407
429494 499196
656609 757449
534871 611413
645244 746650
412529 487897
573841 651021
762959 892815
588803 665814
640553 741147
706871 823092
703996 822293
258550 289707
337382 396718
723478 844925
737238 861670
492846 558312
565989 648190
585955 664343
842109 956756
572715 650679
235069 263673
936955 995782
308587 368819
226388 256133
636080 737890
127304 143376
187547 213587
686521 805385
404966 470316
326786 388844
691287 809630
433489 512230
718099 836687
1205 6876
198020 226909
440441 519289
673213 793026
444246 520439
372063 430476
55551 62529
79483 90029
73514 81978
223269 250847
46614 50469
672931 791700
387809 447929
344873 402710
533804 611163
379738 434427
49242 58213
654770 756118
810719 935498
803235 925139
599874 674792
51618 60784
20914 27536
612810 704192
399558 462714
855279 963433
101801 123134
404816 470236
227500 256623
425842 496828
207850 237372
185444 213527
563645 645335
647204 749166
435543 515981
390983 451800
801961 924468
155964 172220
758078 888362
531905 610135
261247 291741
545540 625033
778238 906883
193499 224725
230866 261030
760421 889667
42520 49243
729383 851200
268592 306113
870107 970115
698518 818750
548719 630562
577117 654820
445571 521945
209605 240903
768159 895459
277175 322489
491352 557410
408399 482077
10128 18802
407893 481877
507894 587403
621844 710633
377871 433978
471722 540829
555430 640089
713681 831782
309529 369073
158984 177705
685368 804347
411273 484656
477152 546925
321337 383333
251047 275359
45780 50432
664381 778715
395170 456561
103846 126716
122287 139097
777836 905883
20094 26762
445772 523435
501672 578189
384816 441998
158289 176112
535230 611817
830799 948135
570987 649933
709090 823385
819093 943232
539303 616411
611836 703141
575508 653138
463444 534430
850082 960542
124548 140226
77201 87795
390077 449029
384768 441327
275952 319664
348456 405423
685631 804487
84145 103696
202306 229195
408869 482412
804520 926810
624537 724796
848914 960189
664590 778808
131840 150598
169446 203212
927672 993359
826576 947713
917935 990350
759153 889410
478536 547275
127107 143075
843105 957413
412670 488494
380855 436988
481918 550031
555247 635695
741654 865211
520692 599815
590772 666108
614742 704680
190415 218260
597759 674036
58684 63276
531833 608833
450627 524232
49107 58082
328379 390987
334214 392649
772406 902385
756576 883468
892353 978226
632001 733428
455878 531859
898277 981879
825103 947131
7886 13929
873008 971080
134310 153172
711617 827256
366004 421016
837411 952767
631966 732955
304861 362041
452411 527158
152000 169237
157803 175465
841693 956337
553972 635161
519635 598201
419781 493287
50212 59432
869786 969816
78384 88672
666027 784264
216757 245407
757145 887959
665622 781103
118789 134013
621625 710291
293373 350234
670022 786471
536346 614169
110367 131508
363450 419744
916815 989425
815692 941050
677780 796036
743756 866998
799278 921697
916031 989296
61099 63464
598138 674260
800981 923277
722244 842217
602733 688559
548371 630106
853856 962398
131986 151562
798293 919846
470817 539859
521780 599972
53807 61464
526716 606313
817535 943027
656107 756718
807988 931837
851092 961032
684077 803728
81613 100249
436311 517018
528885 608380
895776 980882
450683 524561
680766 801957
146624 166216
50440 59977
800071 921952
382925 440621
279655 329978
285877 338216
149717 168108
400043 465971
