1000
906578 920175
467293 477197
722443 724013
325454 348138
768889 783172
638829 642026
986384 996577
791059 793576
150324 168030
643621 645318
206647 240832
258102 295900
330605 353213
103376 121266
912650 934377
555716 566285
185805 212002
197356 223811
715610 716296
459881 474472
701155 702199
256547 290753
507964 511839
876158 899628
91159 94797
665206 668196
750850 768761
658804 659898
246391 284515
181069 206253
186142 212368
224657 257192
403210 403214
443061 451220
829648 842607
108604 129785
311953 329044
379465 380148
244245 280690
304774 324785
464398 475423
606155 609611
130981 156501
883474 908953
902573 917695
549188 557887
669327 671691
870803 894536
137714 163534
122915 147410
111775 133865
20055 24894
577261 582742
517231 520547
165910 191324
914105 935845
580503 584733
647748 649075
394086 397802
643045 644949
290845 315380
83306 83876
688798 693176
167640 194559
637931 639792
874639 899152
715238 715340
883844 909203
576115 582016
862971 882056
582374 587141
628625 629840
746568 766649
730294 733766
753707 771327
986051 996070
851515 864078
566773 574946
455597 460511
894549 914407
555986 568265
739474 754554
95037 110706
298459 321532
358423 369409
965490 983601
85123 88053
687886 689053
29634 35789
295635 319829
215932 247167
880980 906541
621644 622811
319709 339447
162473 178378
912787 935533
670842 672797
907318 924420
616987 620493
832661 847868
140320 164014
275265 309391
611170 619016
505235 506828
87568 92058
636186 638586
275214 308295
701758 705591
616160 620445
368935 375783
965387 981826
744757 764784
619412 620876
460174 475103
699520 701602
731452 736997
969382 988760
107538 127138
65202 70829
203952 233000
595105 596411
221567 250856
187764 218610
156018 173780
31245 37185
403728 404555
200889 228988
870957 895549
769996 783911
415035 422982
911152 934251
318833 335319
114855 138903
934259 949509
794236 794577
951612 967792
57807 64599
972511 990248
325263 344709
625193 627447
579890 584217
212804 244524
819705 827800
132316 157429
231260 264309
409664 413381
923364 939962
57091 60900
607111 612281
792748 794134
775329 785842
907160 922783
441764 444821
41769 44489
777684 789738
116870 140914
855082 871578
873163 898472
167000 194442
918295 935884
758291 775973
81405 81698
581142 586307
283394 314065
277372 311822
343676 357523
219732 249765
597313 600765
738449 749944
143678 165082
56110 59369
175858 204985
929613 944385
693294 693851
605700 608501
82407 83000
291861 319716
219877 250386
939660 950341
47244 56731
829704 842739
5114 8516
455685 464397
139099 163757
402487 402918
705113 710528
454649 460425
267718 301965
14614 18874
386211 386233
423823 433947
800643 801810
794664 796007
798202 798762
323504 341791
192310 219846
330341 352189
425147 434232
719835 720810
208624 241297
488938 493511
776823 788252
333514 355606
291164 319358
822678 832865
103750 122203
697334 697347
223992 256016
449028 452220
926868 942418
240350 274993
848961 862854
23517 30781
483069 491104
117641 142313
896799 915487
699026 700446
827595 840696
456764 467313
571350 577544
218252 249468
50943 57689
672544 676233
93458 104410
83269 83804
600175 603871
508991 513646
310696 327290
950031 966712
733276 742875
30142 36718
707848 711358
261876 297183
215154 246941
270979 304065
356575 366439
742699 763926
672520 675309
438335 443424
282924 313241
761089 776060
256477 290434
962457 977741
606812 611004
200516 226799
610855 617800
17998 21434
831442 846733
143497 164149
49312 56867
6526 11533
851971 864124
86634 89698
437575 437597
279987 312332
194276 220593
466157 475570
272479 305863
546185 550593
535459 539531
767242 781792
185061 211782
328804 351514
850879 863832
928303 942921
744026 764630
55120 58484
507679 511124
907108 920429
494627 502740
242862 276341
656907 657363
842344 854165
414030 420568
687638 688690
536970 542065
518030 521095
942248 951515
357277 366539
529403 532187
127165 152575
193297 220169
924282 940058
847066 859722
187518 218412
94039 108399
807930 813026
173113 200339
603992 606253
387691 391124
605683 608497
964981 981418
925556 942253
325808 350084
382671 382834
91433 102630
488510 493079
329310 351746
93805 107772
988614 998082
970769 989035
271476 305413
882448 908593
552549 565533
734560 747588
592334 596307
868594 891085
520027 521518
954425 970154
807667 810676
20614 25004
200413 226271
660848 664071
299150 322213
581661 586574
842954 854662
596309 600622
919024 935969
733718 745636
257613 293341
451245 458568
313364 329573
95298 112355
988047 997406
809748 815739
348139 364917
184361 210381
60699 66169
450372 452542
249954 285773
90668 93380
206113 238567
144684 165696
506534 507184
638132 641571
127701 153263
135911 158848
805617 806616
705841 710839
8534 13742
114153 138013
433180 436729
427708 435222
381167 381611
840508 852611
858996 872890
228677 260923
479597 488486
951682 968114
216380 249187
241737 276220
505624 506835
246772 285501
247482 285766
694497 694561
536230 539700
973369 990279
238843 269490
442019 449443
671202 673269
812613 819899
773256 785803
922115 937911
325412 346731
133654 158603
910712 930518
955937 970381
344121 360679
665451 669063
26244 33266
563820 572077
649404 653792
832216 847802
32005 37685
114042 135185
951450 966734
585856 592317
213249 246459
66791 72727
492698 496901
859212 873935
695711 695777
195266 221806
716675 717640
957465 973196
595107 600422
8493 12408
902209 916975
261404 297067
408747 412912
91300 101878
391079 395801
18042 22366
365457 374387
830812 843222
383242 383553
3011 7123
808473 814546
608654 614070
394875 398593
730765 734963
66651 72240
416024 426565
647869 652299
182581 209747
832013 847687
933240 949296
961438 976781
153315 169862
565188 572617
172582 197265
830276 843014
47893 56828
387644 390840
478855 482492
276991 311058
364249 373495
723032 724152
846242 859666
604355 607805
908322 925161
98873 115471
871553 898274
839356 851810
946114 958702
147040 165783
49635 57429
949026 965004
524095 527198
101190 118532
375658 377473
869324 892931
270298 304014
860296 876018
245029 280698
421732 430538
205477 238382
237367 268451
880693 902959
118487 144245
132922 158377
856293 872582
101737 118732
116986 141347
410546 420549
878033 901430
624179 626215
644339 648810
317205 335314
86112 88800
483434 491278
319655 335859
733220 738492
549404 562726
281981 312792
884123 909576
84614 85409
949240 965680
583200 589410
37425 39401
485096 491629
806804 807550
128167 156170
163671 180989
830092 842837
869669 893098
869031 891567
743994 764510
795841 796538
259394 296444
963456 978799
614679 620014
783416 792572
619992 622390
57720 63904
751225 769088
23859 30815
254936 289002
869778 893120
262004 297246
794278 794792
956618 972775
458759 473488
629057 631759
503375 506571
94799 110123
600534 604555
826707 838718
763009 778413
785450 793357
75198 80678
45962 50701
720453 722797
487748 492605
550789 562966
415270 425319
652930 654915
628729 630896
567641 575258
825844 837614
586198 592884
716822 718081
919655 936416
353798 365242
160269 175064
172369 195401
529488 534732
391451 396022
670977 673196
126638 150417
711879 712949
697738 700222
109638 132198
187138 215269
551194 564348
714416 714490
166031 193907
148703 167280
742257 762764
794008 794264
825392 836759
630522 632040
39871 41249
35018 38992
482094 490325
314155 332752
664727 668106
161724 177358
852728 866311
257982 293867
236725 267665
221322 250592
771743 785543
29493 35463
380325 380645
95217 112049
911144 931779
277438 311981
357315 367220
274099 306441
456236 466330
818588 826311
241236 275302
564319 572090
853020 868581
804824 806460
98267 113974
338243 356423
102908 120603
290858 318973
923157 938824
419287 428113
172661 197612
956409 972465
457328 471022
673502 677095
931797 945446
778192 790202
343236 356849
982221 995704
324648 343629
374546 377314
940174 951000
884935 912052
178256 205247
57820 64608
715568 716155
864558 889784
779164 790283
663017 665517
32474 38600
990313 999166
963495 979059
903298 919006
557041 571218
265353 301247
843078 857205
890816 913469
328165 351278
160189 174965
921891 937340
9092 14654
559040 571353
812979 820048
947359 960759
68824 72927
814458 821528
368701 375668
967356 987373
820626 829205
398868 402236
208221 240960
71816 73774
514675 514784
963989 979177
751273 770791
114970 139311
741791 762556
544281 549900
313763 330734
661787 664396
522950 526993
396194 399770
244152 278650
259733 296786
349977 364982
341736 356681
289754 315350
547768 557182
166018 192375
196951 223653
575698 579619
257122 292629
738776 751853
491127 496829
648232 652871
231516 265662
175318 202232
120962 146598
232323 266395
446424 451338
155556 171676
510723 514234
864426 886104
123400 148667
160863 175215
782716 792082
921096 936756
73026 78517
395259 398998
736535 749163
109166 131842
686105 687255
582594 588904
476051 480064
453130 459978
82085 82630
750492 768559
19919 24492
819739 828952
959719 976580
78192 81297
946068 957153
202778 230430
797316 798190
204059 233271
184794 211648
799158 800129
804814 806359
87548 91824
262877 299705
427856 436025
591525 595846
288065 315300
556317 569461
576466 582525
649804 654871
93613 106722
526222 528594
467328 478392
274409 307588
313735 330512
405722 405897
541344 545058
153991 170985
831122 843698
964128 979761
729755 730578
186732 212399
198029 224397
271470 305281
451186 456925
626118 627931
44437 47727
321872 340475
885508 912937
639942 643238
869083 892856
387744 391655
104377 125526
44308 47314
620207 622799
203700 232812
547703 554786
749145 767963
477336 481551
932893 945881
370017 377116
653997 654992
443733 451255
137175 159391
321304 340240
622930 623533
43645 45187
657819 658689
964864 980977
90157 93259
937560 950113
826564 837708
271178 304396
97005 113551
345438 362204
94443 109651
131112 157344
303084 324464
502842 506117
45735 50339
164977 188018
126523 149677
409692 414140
600029 602811
368680 375306
286535 314229
296432 320260
346185 363510
126894 151383
147663 166972
625106 626652
575874 581345
201563 230402
87008 91212
456685 467295
161596 177025
681927 682948
365959 374887
212536 242873
489197 496042
638332 641585
238074 269435
966741 984012
642959 643256
152183 168133
888705 913248
108387 127806
806634 806857
827207 838863
734629 747812
899024 915528
936599 949553
408 2930
565591 573228
579785 583613
164778 181851
748361 766682
484592 491485
230407 262532
251299 286983
418973 427833
28157 35066
583884 590851
463138 475149
546732 553863
529509 535273
980199 992221
44603 49845
957088 973041
229725 262252
598683 602043
634433 637262
273068 306340
476378 480235
136897 158927
384305 385376
104109 122964
945288 956502
647967 652586
815099 822225
357913 367335
727947 730414
72790 74766
725923 726198
824329 836169
168246 194980
561366 571961
410314 418341
114145 135825
891534 914280
549098 557218
427713 435869
942705 953922
237056 268241
46857 54349
307326 325617
7524 12021
942670 953108
767023 779869
675578 680181
438230 442506
124805 148843
161515 175407
677792 682500
360035 371866
576008 581602
261175 297013
623515 624244
330658 354977
819684 827153
862705 879883
836274 850566
720691 723713
84909 86825
277061 311415
112292 134142
21736 25573
32515 38744
972245 989754
471538 479504
222453 251986
552501 564455
310140 325997
112788 135025
823311 832958
990056 998730
583845 590053
410533 419927
73524 79213
807925 812960
677675 680367
811196 815855
493118 499705
25764 32667
874046 899036
516214 516286
942422 952096
363087 372282
508481 512766
531351 536748
414325 422302
385539 385816
569308 576892
225462 258549
301054 324350
115428 140353
718205 720397
216241 249155
755380 772532
73626 79266
407914 408444
494654 503604
349426 364924
57127 63265
496937 503771
576381 582301
809297 815200
643806 646404
176373 205050
204163 234696
168297 195001
252590 287984
222670 255573
360052 372146
107488 127064
224221 256635
21764 28910
237986 269067
501383 504565
749463 768113
466243 476189
575757 580665
274745 307733
638763 641598
406926 407504
16596 21281
671852 674038
388735 392586
821421 829377
781132 791216
657537 658145
688610 691790
841884 853324
438648 443765
925748 942348
32269 38394
322614 341280
708924 712256
522856 525756
391576 396692
122132 147338
959469 975583
458709 472542
532024 539408
195466 223570
359246 371750
98936 117334
204207 236792
703905 708349
299223 323117
328158 350470
29027 35392
610680 615197
608493 613439
794486 795135
393584 396715
891302 913933
517216 520051
800462 800580
272656 306162
274161 307579
531985 538122
165789 188506
1238 3557
662431 664991
686870 688237
854290 870947
366252 375097
655779 656075
276698 309634
685393 686560
958175 975091
7187 11727
701310 704256
89470 92500
654341 655822
770379 784795
669255 671169
541445 545477
867511 890379
688037 691466
978586 992013
175789 204383
245514 282943
633200 635556
699164 700872
909142 930410
40068 42321
672402 674550
390348 392637
125771 149099
946407 959433
6494 10183
417288 427765
386963 387014
591250 594893
734342 745656
951544 967692
12374 15648
27684 34911
127915 153335
64113 66663
402142 402847
437888 442083
847249 862489
682989 683740
537455 543861
47159 55782
60098 65864
255239 290182
144022 165660
981882 994122
982177 995378
733680 744457
84684 85594
765725 778527
644216 647152
436321 436912
236140 266737
740882 762351
471312 479188
419433 428861
871510 897199
908466 925403
674665 678070
415694 426174
808976 814751
478975 484353
118467 144090
801920 804374
18917 24200
264219 299796
940776 951150
457098 467464
660152 662059
854741 871207
515799 516105
811599 817873
776304 786923
946600 959489
377501 378843
566477 574859
566157 574563
44072 46173
91503 103449
707224 711332
206344 240231
543289 549698
945058 956469
221774 251679
600573 604789
815498 823143
712587 713617
227725 260385
991538 999462
738764 749975
933163 946609
480513 489762
239152 272859
932517 945508
632353 634874
948486 964476
591113 594009
