12465.1453622252
12590.0126473822
12712.6440357333
12833.0395272783
12951.1991220173
13067.1228199503
13180.8106210772
13292.2625253982
13401.4785329131
13508.4586436220
13613.2028575249
13715.7111746218
13815.9835949127
13914.0201183975
14009.8207450763
14103.3854749491
14194.7143080159
14283.8072442767
14370.6642837314
14455.2854263801
14537.6706722228
14617.8200212595
14695.7334734902
14771.4110289148
14844.8526875335
14916.0584493461
14985.0283143527
15051.7622825533
15116.2603539478
15178.5225285364
15238.5488063189
15296.3391872954
15351.8936714659
15405.2122588303
15456.2949493888
15505.1417431412
15551.7526400876
15596.1276402280
15638.2667435624
15678.1699500908
15715.8372598131
15751.2686727294
15784.4641888397
15815.4238081440
15844.1475306423
15870.6353563345
15894.8872852207
15916.9033173009
15916.1588436970
15872.1292555309
15784.8145528025
15654.2147355119
15480.3298036591
15263.1597572441
15002.7045962668
14698.9643207273
14351.9389306256
13961.6284259616
13528.0328067354
13051.1520729470
12530.9862245964
11967.5352616835
11360.7991842084
10710.7779921711
10017.4716855716
9280.8802644098
8501.0037286858
7635.2541895107
6641.0437579956
5518.3724341405
4267.2402179454
2887.6471094103
1624.3014990433
721.9117773526
180.4779443381
0.0
0.0
0.0
0.0
0.0
0.0
0.0
0.0
0.0
0.0
0.0
0.0
0.0
0.0
0.0
0.0
0.0
0.0
0.0
0.0
0.0
0.0
0.0
0.0
0.0
0.0
