19713.8447087605
19838.7803039646
19962.7487601067
20085.7500771868
20207.7842552050
20328.8512941611
20445.0379060466
20552.4308028524
20651.0299845787
20740.8354512254
20821.8472027925
20894.0652392801
20957.4895606881
21012.1201670165
21057.9570582654
21095.0002344347
21123.2496955244
21142.7054415346
21153.3674724652
21155.6210736729
21149.8515305145
21136.0588429898
21114.2430110990
21084.4040348421
21046.5419142189
21000.6566492296
20946.7482398741
20884.8166861524
20814.8619880646
20736.8841456106
20650.8831587904
20556.8590276040
20454.8117520515
20344.7413321328
20223.0377555821
20086.0910101337
19933.9010957876
19766.4680125438
19583.7917604022
19385.8723393629
19172.7097494259
18944.3039905912
18700.6550628587
18441.7629662285
18165.1195755417
17868.2167656393
17551.0545365214
17213.6328881879
16855.9518206389
16478.0113338743
16079.8114278942
15661.3521026985
15222.6333582873
14763.6551946605
14284.4176118182
13784.9206097603
13265.1641884869
12725.1483479979
12164.8730882934
11584.3384093733
10983.5443112377
10362.4907938865
9721.1778573198
9059.6055015376
8377.7737265397
7675.6825323264
6953.3319188975
5763.7052877067
4234.5589868866
2940.6659631157
1882.0262163940
1058.6397467216
470.5065540985
117.6266385246
0.0
0.0
0.0
0.0
0.0
0.0
0.0
0.0
0.0
0.0
0.0
0.0
0.0
0.0
0.0
0.0
0.0
0.0
0.0
0.0
0.0
0.0
0.0
0.0
0.0
0.0
0.0
