27167.9427722059
27304.7157168221
27435.8262058930
27561.2742394186
27681.0598173988
27795.1829398337
27903.6436067232
28006.4418180674
28103.5775738662
28195.0508741197
28280.8617188278
28361.0101079906
28435.4960416080
28504.3195196801
28567.4805422068
28624.9791091882
28676.8152206242
28722.9888765149
28763.5000768602
28798.3488216602
28827.5351109149
28851.0589446242
28868.9203227881
28881.1192454067
28887.6557124799
28888.5297240078
28883.7412799904
28873.2903804276
28857.1770253194
28835.4012146659
28807.6542349427
28773.6273726255
28733.3206277142
28686.7340002088
28633.8674901094
28574.7210974160
28509.2298578135
28437.3288069871
28359.0179449366
28274.2972716622
28183.1667871639
28085.6264914415
27981.6763844951
27871.3164663248
27754.5467369305
27631.3671963122
27501.7778444700
27365.7786814037
27223.3697071135
27074.5509215993
26919.3223248611
26757.6839168989
26589.6356977128
26415.1776673026
26234.3098256685
26047.0321728105
25853.3447087284
25653.2474334224
25446.7403468923
25235.4594883226
25021.0408968976
24803.4845726172
24582.7905154815
24358.9587254904
24131.9892026440
23901.8819469422
23667.4306505147
23427.4290054911
23181.8770118714
22930.7746696556
22674.1219788437
22411.9189394358
22144.1655514317
21870.8618148316
21592.0077296354
21307.6032958430
21017.6485134546
20722.1433824701
20410.1946787383
20070.9091781079
19704.2868805789
19310.3277861513
18889.0318948251
18440.3992066004
17964.4297214771
17461.1234394552
16896.8964489744
16238.1648384745
15484.9286079553
14625.5564442857
13648.4170343343
12543.2194119127
11299.6726108325
9917.7766310938
8397.5314726965
6738.9371356406
4941.9936199263
3006.7009255533
1336.3115224681
334.0778806170
0.0
