30772.6121032776
30719.4545001500
30663.6280598742
30605.1327824504
30543.9686678785
30480.1357161584
30413.6339272903
30344.4633012742
30272.6238381099
30198.1155377976
30120.9384003371
30041.0924257286
29958.5776139720
29873.3939650673
29785.5414790146
29695.0201558137
29601.8299954648
29505.9709979677
29407.4431633226
29306.2464915294
29202.3809825882
29095.8466364988
28986.6434532614
28874.7714328758
28760.2305753422
28640.9113939791
28514.7044021050
28381.6095997199
28241.6269868239
28094.7565634169
27940.9983294989
27780.3522850700
27612.8184301301
27438.3967646792
27257.0872887174
27068.4830865145
26872.1772423406
26668.1697561955
26456.4606280793
26237.0498579921
26009.9374459337
25774.1654854537
25528.7760701014
25273.7691998769
25009.1448747802
24734.9030948112
24451.0438599700
24157.5671702565
23854.4730256708
23541.7614262129
23219.4323718828
22887.4858626804
22545.9218986058
22194.7404796589
21833.9416058399
21463.5252771485
21083.4914935850
20693.8402551492
20294.5715618412
19886.0212232403
19468.5250489260
19043.3228410630
18611.6544018163
18173.5197311857
17728.9188291712
17277.8516957729
16820.3183309908
16356.3187348248
15885.8529072750
15408.9208483414
14925.5225580239
14435.6580363226
13939.3272832374
13439.6021164522
12939.5543536506
12439.1839948327
11938.4910399985
11437.4754891480
10936.3604673915
10435.3690998393
9934.5013864915
9433.7573273480
8933.1369224088
8432.6401716740
7932.2670751435
7432.0176328174
6931.8918446956
6431.8897107781
5932.0112310650
5432.2564055562
4932.6252342518
4433.1177171517
3933.7338542559
3215.8011455645
2060.6470910774
915.8431515899
228.9607878975
0.0
0.0
0.0
0.0
