30623.6113559407
30651.1076770578
30677.7108885037
30703.4209902786
30728.2379823824
30752.1618648152
30775.1926375768
30797.3303006674
30818.5748540868
30838.9262978352
30858.3846319125
30876.9498563187
30894.6219710538
30911.4009761179
30927.2868715108
30942.2796572327
30956.3793332835
30969.5858996632
30981.8993563718
30993.3197034094
31003.8469407758
31012.9844430105
31020.2355846529
31025.6003657028
31029.0787861604
31030.6708460257
31030.3765452985
31028.1958839790
31024.1288620670
31018.1754795628
31010.1856777735
31000.0093980068
30987.6466402625
30973.0974045407
30956.3616908414
30937.0923962833
30914.9424179853
30889.9117559474
30862.0004101695
30831.2083806516
30797.5356673938
30760.9822703961
30721.5481896584
30679.2334251807
30634.0379769631
30585.9618450055
30535.0050293080
30481.1675298706
30424.4493466932
30364.8504797758
30302.3709291185
30237.0106947212
30168.7697765840
30097.6481747069
30023.6458890898
29945.2323672200
29860.8770565851
29770.5799571848
29674.3410690194
29572.1603920886
29457.0846723457
29322.1606557439
29167.3883422830
28992.7677319631
28798.2988247842
28583.9816207463
28349.8161198495
28095.8023220936
27821.9402274787
27528.2298360048
27214.6711476719
26881.2641624801
26528.0088804292
26154.9053015193
25761.9534257504
25349.1532531225
24916.5047836356
24464.0080172897
23991.6629540848
23499.4695940209
22987.4279370980
22455.5379833161
21877.8562065045
21228.4390804922
20507.2866052793
19673.5196141991
18686.2589405850
17545.5045844370
16251.2565457550
14803.5148245392
13202.2794207893
10791.3630194495
6914.5783054635
3073.1459135393
768.2864783848
0.0
0.0
0.0
0.0
0.0
0.0
