50 0 100
-97 37 54
14 -92 23
-53 59 27
-83 35 41
-41 92 34
-7 -100 20
18 -63 -48
-88 60 -87
37 -7 -84
51 76 -49
-20 -44 84
-59 -55 90
57 -59 -95
92 -23 -47
43 46 -57
-35 -94 -56
40 36 -42
20 37 -53
77 -71 59
66 -5 -41
-3 -38 66
-100 -87 -52
28 -86 -96
-50 71 -98
-26 -1 -31
4 88 51
87 51 54
-79 -91 90
-93 -60 29
-92 -67 14
-86 -32 -85
-2 -91 -13
42 -21 84
74 -39 64
78 -46 -98
-50 75 95
73 24 -73
-44 -63 -77
89 99 92
8 61 50
41 12 -81
-27 79 -14
-79 -51 -91
-91 62 -17
73 -5 81
87 -63 -42
87 27 19
-35 -2 -16
77 44 75
24 60 -35
