30172.4379619034
30100.8555142085
30027.3897789753
29952.0407562038
29874.8084458939
29795.6928480457
29714.6939626591
29631.8117897342
29547.0463292709
29460.3975812693
29371.8655457293
29281.4502226510
29189.1516120344
29094.9697138794
28998.9045281860
28900.9560549543
28801.1242941843
28699.4092458759
28595.8109100292
28490.3292866441
28382.9643757207
28273.7161772589
28162.5846912588
28049.5699177203
27934.6718566435
27817.8905080284
27699.2258718749
27578.6779481830
27456.2467369528
27331.9322381843
27205.7344518774
27077.6533780322
26947.6890166486
26815.8413677267
26682.1104312664
26546.4962072678
26408.9986957309
26269.6178966556
26128.3538100419
25985.2064358899
25840.1757741996
25693.2618249709
25544.4645882039
25393.7840638985
25241.2703884066
25086.9736980801
24930.8939929189
24773.0312729231
24613.3855380927
24451.9567884276
24288.7450239279
24123.7502445935
23950.9744197107
23764.4195185660
23549.4246428189
23291.3288941294
22990.1322724974
22650.5108776380
22277.1408092664
21870.0220673824
21429.1546519863
20954.5385630778
20455.0841243666
19939.7016595622
19408.3911686646
18861.1526516738
18297.9861085899
17718.8915394127
17123.8689441423
16512.9183227787
15886.0396753219
15243.2330017720
14584.4983021288
13909.8355763924
13219.2448245628
12512.7260466401
11790.2792426241
11051.9044125149
10297.6015563126
9527.3706740170
8741.2117656283
7939.1248311463
7111.8006238179
6249.9298968898
5368.6543103886
4483.1155243411
3593.3135387471
2699.2483536067
1800.9199689200
1013.0174825175
450.2299922300
112.5574980575
0.0
0.0
0.0
0.0
0.0
0.0
0.0
0.0
0.0
