60 0 100
-34 97 -63
-45 -95 -83
33 80 -67
31 21 32
-100 -71 -100
41 2 34
-76 78 46
61 37 26
-30 67 78
9 -18 -43
-86 7 -90
-88 -48 -78
48 20 92
-67 -18 68
85 -11 -24
95 59 -16
-86 -65 55
-31 61 73
54 39 -51
-70 34 -61
-30 8 39
-43 41 -92
91 22 43
-54 38 73
-75 95 61
-56 29 61
37 100 51
-68 -20 -8
-99 -92 53
49 -33 41
80 -10 -67
-3 -48 -39
-16 88 -57
88 29 56
45 48 81
-29 26 -45
-78 32 33
52 93 -81
-63 2 40
-6 -72 8
-51 98 88
-4 21 -59
-79 32 -19
-70 93 -98
-92 -65 28
-91 81 -66
-53 -66 -11
-58 85 -98
-60 66 -47
14 -92 -20
-85 -33 -64
-21 18 46
48 -12 56
-14 89 -2
-89 7 -51
4 45 12
75 3 83
46 26 52
71 -79 -93
20 46 -9
