30475.5194939517
30486.5180848240
30493.5218812285
30496.4724059279
30495.3111816853
30490.0382085007
30480.6534863741
30467.1570153055
30449.5487952948
30427.8288263421
30401.9971084475
30372.0536416107
30337.9984258320
30299.8314611112
30257.5527474485
30211.1622848437
30160.6600732968
30106.0461128080
30047.3204033771
29984.4829450043
29917.5337376893
29846.4727814324
29771.3000762335
29692.0156220925
29608.6194190095
29521.1114669845
29429.4917660175
29333.7603161085
29233.9171172574
29129.0534787480
29015.0397637921
28888.6550263176
28749.8992663244
28599.6377055869
28438.7355658792
28267.1928472013
28085.0095495532
27892.1856729348
27688.7212173463
27474.6161827876
27252.6294861380
27025.5200442770
26793.2878572045
26555.6407741491
26312.2866443394
26063.2254677752
25808.4572444567
25547.9819743839
25281.7996575566
25009.9102939750
24732.3138836389
24449.0104265485
24159.9999227038
23865.2823721046
23564.8577747511
23258.7261306432
22946.8874397810
22629.3417021643
22306.0889177933
21977.1290866679
21642.4622087881
21302.0882841540
20956.0073127654
20604.2192946225
20247.3296363777
19885.9437446835
19520.0616195398
19149.6832609467
18774.8086689042
18395.4378434123
18011.5707844709
17623.2074920801
17230.3479662399
16832.9922069502
16431.1402142112
16024.7919880226
15613.9475283847
15198.6068352973
14778.7699087605
14354.4367487743
13925.1344242032
13490.3900039117
13050.2034878999
12604.5748761676
12153.5041687150
11693.4359678148
11220.8148757397
10735.6408924896
10237.9140180646
9703.7715103340
9109.3506271670
8454.6513685635
7739.6737345236
6964.4177250473
6128.8833401346
5233.0705797855
4276.9794440000
3125.9630613101
1645.3745602481
411.3436400620
0.0
