80 0 100
93 15 -98
36 -100 -95
6 -80 -53
56 -8 15
-19 5 35
-64 4 61
-63 -44 32
-44 -9 50
38 12 0
-75 -5 -32
-16 -93 -38
55 -33 -14
29 -23 64
16 -9 98
-32 74 43
-47 -37 63
65 -68 49
70 -93 -78
8 56 -69
60 -88 100
-85 100 -16
70 94 28
17 38 -82
-63 -28 14
27 88 45
24 -90 81
-61 -1 44
-44 -79 -4
91 45 -100
-69 36 96
11 34 -29
-6 37 -91
67 -98 63
-86 -36 39
-22 35 37
12 -72 77
21 48 46
41 3 -88
35 11 -66
-34 63 -77
-32 70 24
42 -94 51
-78 -2 -76
-26 -45 -57
-21 17 -77
-45 -33 87
69 -51 -73
96 59 -61
68 -90 -91
-7 8 9
80 35 -93
-39 19 -60
-18 51 -89
-36 -24 65
-15 55 -10
81 38 2
-67 -47 53
60 99 42
44 100 32
-13 -93 24
98 -26 -73
19 1 -23
6 50 -25
-51 -36 88
-3 -74 84
-17 40 -79
-58 -44 14
84 12 -70
-83 84 -42
-25 -48 -91
31 -11 3
-63 -27 -18
-40 -48 -65
-7 -23 82
-68 -100 29
38 23 64
-13 -96 49
-49 53 -24
14 -15 86
-7 48 79
