33083.3396594219
33077.0930467025
33070.1608624499
33062.5431066641
33054.2397793453
33045.2508804933
33035.5764101082
33025.2163681899
33014.1707547386
33002.4395697541
32990.0228132365
32976.9204851857
32963.1325856018
32948.6591144848
32933.5000718347
32917.6554576514
32901.1252719350
32883.9095146855
32866.0081859029
32847.3063475084
32827.6890614234
32807.1563276479
32785.7081461819
32763.3445170253
32739.6314339670
32714.1348907959
32686.8548875118
32657.7914241149
32626.9445006051
32594.3141169824
32556.0928910669
32508.4734406787
32454.9546147852
32399.0352623541
32340.7153833852
32279.9949778786
32216.0615322768
32148.1025330223
32076.1179801152
31998.9893949139
31915.5982987770
31825.9446917045
31730.0285736964
31627.8499447528
31519.4088048735
31404.7051540586
31283.7389923082
31156.5103196221
31023.0191360004
30883.2654414432
30737.2492359503
30584.9705195219
30426.4292921578
30261.6255538582
30090.5593046230
29913.2305444521
29729.6392733457
29539.7854913037
29343.6691983261
29141.1641400797
28932.1440622314
28716.6089647813
28494.5588477292
28265.9937110752
28030.9135548194
27730.2694265807
27357.9573236787
26966.9221958142
26557.1640429869
26125.5127719569
25668.7982894841
25187.0205955684
24680.1796902099
24148.2755734086
23591.3082451644
23009.2777054774
22402.1839543475
21770.0269917748
21112.8068177593
20430.5234323009
19719.8178056378
18977.3309080080
18203.0627394116
17397.0132998485
16559.1825893188
15689.5706078224
14788.1773553594
13855.0028319297
12890.0470375334
11565.4005518806
9694.0844546814
7417.0292459359
4734.2349256440
1645.7014938057
0.0
0.0
0.0
0.0
0.0
0.0
0.0
