100 0 100
18 -66 69
-83 96 94
-22 -38 -39
82 -37 -2
63 81 -31
33 7 88
-50 35 18
51 -54 74
-95 -42 -78
41 9 -21
54 8 14
-4 -18 51
11 -66 36
99 1 -74
52 -41 -90
13 69 -58
16 -70 43
-30 -46 -27
-37 73 -88
-11 -10 61
62 -8 -70
-17 -53 -53
-56 53 -6
-72 -94 -46
-71 80 28
-97 -7 -99
41 98 38
-21 63 1
79 -19 -52
13 -96 -51
-59 79 8
-9 -78 58
-51 -83 -17
-59 -100 23
-88 22 -8
54 32 -1
-80 65 58
30 -87 -96
-68 19 29
-61 -3 40
-14 41 -40
88 -9 -39
-76 -36 68
17 18 -17
51 98 18
1 54 39
-10 -36 67
50 33 -23
-4 -46 66
-29 -93 39
44 -98 79
-57 20 35
-84 -88 -34
-58 63 -70
59 -99 31
-42 30 -8
-8 -96 24
74 -29 33
17 77 -45
-45 -31 57
84 0 64
-46 -83 15
87 19 58
85 23 -70
15 -76 4
73 94 -61
-6 99 -98
-2 43 -47
-60 18 6
-28 -22 -91
37 -74 -7
72 73 -52
57 92 -85
95 54 -54
8 -26 -85
42 47 -77
-45 -99 -5
27 94 -57
-52 -19 45
36 -69 7
-35 1 -45
86 -66 29
-72 45 64
88 52 65
-92 -7 -26
20 75 -97
66 -64 -1
37 -40 89
93 44 31
92 -78 -52
70 31 -66
-11 -100 93
75 -22 -73
6 -79 -4
33 91 -9
-52 -82 -84
-82 -91 35
47 75 64
59 -4 40
83 -26 -33
