0.0
0.0
0.0
0.0
0.0
0.0
0.0
0.0
0.0
0.0
0.0
0.0
0.0
0.0
0.0
0.0
0.0
0.0
0.0
0.0
0.0
138.3301523276
276.9970798985
416.0007827127
555.3412607703
688.1901728763
807.7191778358
913.9282756486
1010.9768006368
1103.0240871224
1190.0701351053
1272.1149445855
1349.1585155631
1421.2008480380
1488.2419420103
1550.2817974799
1607.3204144468
1659.3577929111
1706.3939328728
1748.4288343318
1785.4624972881
1817.4949217418
1844.5261076928
1866.5560551412
1883.5847640869
1896.7492061298
1907.1863528699
1914.8962043070
1919.8787604413
1922.1340212728
1921.6619868013
1918.4626570270
1912.5360319498
1903.8821115697
1892.5008958868
1878.3537328803
1861.4019705297
1841.6456088351
1819.0846477962
1793.7190874133
1765.5489276863
1734.5741686151
1700.7948101999
1664.2108524405
1624.8222953370
1582.6291388893
1537.6313830976
1489.8290279617
1439.2220734818
1385.8105196577
1329.5943664895
1270.5736139771
1208.7482621207
1144.1183109201
1076.6837603755
1006.4446104867
933.4008612538
857.5525126767
779.9306557640
703.8874168270
631.7438311688
563.4998987895
499.1556196890
438.7109938672
382.1660213244
329.5207020603
280.7750360750
235.9290233686
194.9826639410
157.9359577922
124.7889049222
95.5415053311
70.1937590188
48.7456659852
31.1972262306
17.5484397547
7.7993065576
1.9498266394
0.0
0.0
0.0
