0.0
5.8022297369
23.2089189475
52.2200676319
92.8356757900
145.0557434218
208.8802705274
284.3092571068
371.3427031599
469.9806086867
580.2229736873
702.0697981617
835.5210821097
980.5768255316
1137.2370284271
1305.5016907965
1485.3708126395
1676.8443939564
1879.9224347469
2094.6049350112
2311.6665042342
2521.8817519009
2725.2506780111
2921.7732825650
3111.4495655625
3294.2795270037
3470.2631668885
3639.4004852169
3801.6914819889
3957.1361572046
4105.7345108639
4247.4865429668
4382.9162450226
4512.5476085406
4636.3806335206
4754.4153199628
4866.6516678670
4971.3125785814
5066.6209534540
5152.5767924848
5229.1800956738
5296.4308630210
5357.6942683232
5416.3354853771
5472.3545141828
5525.6607392388
5576.1635450435
5623.8629315969
5668.7588988991
5710.8514469500
5750.1405757496
5786.6262852980
5820.3085755951
5851.1874466409
5877.9758474963
5899.3867272218
5915.4200858176
5926.0759232835
5931.3542396198
5931.2550348262
5925.7783089028
5914.9240618497
5898.6922936668
5877.0830043541
5850.0961939116
5817.7318623394
5779.9900096373
5736.8706358055
5688.3737408440
5634.4993247526
5575.2473875315
5510.6179291805
5440.6109496998
5365.2264490893
5284.4644273491
5198.6857078782
5108.2511140757
5013.1606459418
4913.4143034763
4809.0120866793
4699.9539955508
4586.2400300907
4467.8701902991
4344.8444761760
4217.1628877214
4084.8254249352
3947.8320878175
3806.1828763683
3659.8777905876
3492.2684177769
3286.7063452379
3043.1915729705
2765.4088007055
2465.7591685957
2152.9591170635
1827.0086461089
1487.9077557319
1135.6564459325
770.2547167108
391.7025680666
0.0
