0.0
1367.5694444444
2474.2363669159
3089.4312959465
3619.2322315361
4063.6391736849
4422.6521223928
4734.7053369190
5038.2330765228
5333.2353412042
5619.7121309633
5897.6634458000
6167.0892857143
6419.7049284840
6647.2256518868
6849.6514559229
7032.2813591661
7200.4143801905
7354.0505189962
7493.1897755830
7617.8321499511
7726.9071226736
7824.3947752311
7906.1055923865
7971.0884169751
8027.6322079762
8075.7369653900
8115.4026892162
8150.2513540521
8183.9049344947
8216.3634305440
8247.6268421999
8277.6951694626
8306.5684123319
8334.2465708080
8360.7296448907
8386.0176345801
8410.1105398762
8433.0083607790
8454.7110972885
8475.2187494047
8494.5313171276
8512.6524634608
8529.5858514080
8545.3314809693
8559.8893521445
8573.2594649338
8585.4418193371
8596.4364153544
8606.2432529857
8614.8623322311
8622.2936530904
8628.5372155638
8633.5930196512
8637.4610653526
8640.1413526680
8641.6338815975
8641.6045761606
8639.7193603770
8635.9782342468
8630.3811977699
8622.9282509463
8613.6193937761
8602.4546262592
8589.0609321385
8573.0652951570
8554.4677153146
8533.2681926114
8509.4667270473
8483.0633186224
8454.0579673366
8422.4506731900
8388.2414361825
8351.4302563142
8312.0171335850
8270.0020679950
8225.3850595441
8178.1661082324
8117.5790478627
8047.5243789046
7968.0021013580
7879.0122152231
7780.5547204997
7672.6296171879
7555.2369052876
7428.3765847990
7292.0486557219
7146.2531180564
6966.3040814651
6727.5156556106
6429.8878404929
6073.4206361119
5670.9270565693
5245.0621757333
4805.6680533708
4332.8536447059
3806.7279049622
3227.2908341400
2594.5424322390
1908.4826992595
0.0
