60 0 100
44 76 86
53 34 12
15 53 88
10 90 2
5 97 22
46 81 68
18 96 77
91 72 77
78 97 23
93 82 41
52 59 100
26 98 56
75 16 13
98 47 87
13 10 22
84 66 80
26 96 31
5 33 50
59 66 26
98 93 92
14 48 39
93 12 56
2 96 63
88 96 77
58 7 78
3 85 62
77 25 6
66 93 55
50 2 100
59 63 92
91 34 71
3 29 33
21 7 94
79 24 89
51 72 13
74 77 86
89 44 12
1 3 27
33 27 28
3 55 99
98 63 20
72 0 91
25 36 0
85 87 15
90 16 62
41 91 1
72 9 86
33 73 55
32 92 1
7 82 47
83 8 21
8 55 10
8 83 78
87 57 57
14 14 0
10 10 17
46 19 97
79 88 21
5 58 41
34 68 83
