0.0
1253.0883850348
2748.7535401392
4042.2262345439
4503.4129145632
4938.0725906135
5346.2052626950
5736.7026766940
6105.6699848822
6440.3205936448
6740.6545029818
7006.6717128933
7238.3722233792
7435.2619868205
7596.8469555981
7723.1271297121
7828.4733235564
7927.2563515249
8019.4762136176
8105.1329098346
8183.9678014156
8255.7222496005
8320.3962543893
8377.9898157819
8428.5029337785
8471.9356083789
8508.2878395833
8537.8373288567
8560.8617776644
8580.2526195945
8598.9012882352
8616.8077835864
8633.9721056482
8650.3942544206
8666.0742299035
8681.0120320970
8695.2985406307
8709.0246351342
8722.1903156075
8734.7955820506
8746.8404344635
8758.3248728463
8769.2488971989
8779.6125075213
8789.4157038135
8798.6584860755
8807.3408543074
8815.4628085090
8823.0243486805
8830.0254748218
8836.4661869329
8842.3464850139
8847.6663690646
8852.4258390852
8856.6248950756
8860.2635370358
8863.3417649658
8865.8595788656
8867.6241579930
8868.4426816056
8868.3151497035
8867.2415622866
8865.2959896028
8862.5525019002
8859.0110991786
8854.6717814382
8849.5345486789
8843.5994009007
8836.8663381036
8829.3353602876
8821.0064674527
8811.1059976844
8798.8602890681
8784.2693416039
8767.3331552917
8748.0517301316
8726.4250661236
8702.4531632676
8676.1360215636
8647.4736410117
8616.4660216119
8583.1131633641
8535.3568505426
8472.1344323141
8393.9486936240
8300.8068545249
8192.7089150168
8069.6548750998
7931.6447347739
7778.6784940389
7562.0576082820
7233.0835328902
6818.5169952312
6345.1187226731
5812.8887152157
5221.8269728591
4532.5266538651
3705.5809164952
2740.9897607496
1112.1414141414
0.0
