80 0 100
6 35 69
94 32 6
1 75 95
23 75 95
46 34 90
94 83 81
25 35 69
38 49 89
11 70 85
51 89 47
87 9 26
97 5 89
66 95 100
39 51 0
55 53 56
13 18 19
1 95 28
56 57 75
36 75 17
63 32 72
88 94 12
50 39 16
66 3 0
84 63 47
8 3 70
44 26 72
28 75 3
78 63 57
44 71 23
100 98 19
57 56 90
2 72 7
63 14 54
93 92 81
17 65 92
95 28 47
38 52 18
97 59 23
82 31 76
90 22 57
6 49 89
96 42 46
26 19 73
5 17 35
25 57 9
64 34 78
32 16 55
10 59 74
97 13 80
98 31 61
65 42 7
100 56 57
76 14 4
76 0 91
51 38 20
49 6 12
76 96 82
86 23 16
92 47 3
18 99 99
20 78 2
51 68 57
78 88 3
8 9 15
38 59 94
34 30 57
95 85 66
28 72 61
74 57 26
5 24 98
26 7 89
97 8 83
68 48 73
8 19 47
9 32 33
90 28 83
40 45 81
53 62 98
90 29 17
29 43 95
