2602.0000000000
6011.7340203961
6571.0672713676
6826.0779456947
7032.4822771437
7195.3552657146
7319.7719114073
7405.7322142219
7470.2248727148
7530.2385854422
7585.7733524041
7636.8291736007
7683.4060490318
7725.3255321440
7762.5351297582
7795.1607952487
7824.5493836262
7852.0477499013
7877.6558940741
7901.3738161445
7923.6185444429
7944.8071072995
7964.9395047144
7984.0157366876
8002.0358032191
8019.2162481254
8035.7736152230
8051.7079045121
8067.0191159925
8081.7072496642
8095.7723055273
8109.2142835818
8122.0331838277
8134.2290062649
8145.8017508935
8156.7514177134
8167.0780067247
8176.7815179274
8185.8619513215
8194.3193069069
8202.1535846836
8209.3647846518
8215.9529068113
8221.9179511621
8227.2599177044
8231.9788064380
8236.0746173629
8239.5473504793
8242.3970057869
8244.6235832860
8246.2270829764
8247.2075048582
8247.5648489314
8246.4284635297
8242.9276969872
8237.0625493037
8228.8330204792
8218.2391105139
8205.2808194076
8189.5886711061
8170.7931895550
8148.8943747544
8123.8922267042
8096.1605989967
8066.0733452240
8033.6304653862
7998.8319594832
7961.6778275151
7922.1680694819
7880.1216746458
7835.3576322694
7787.8759423526
7736.9285948239
7681.7675796118
7622.3928967164
7558.8045461377
7491.0025278756
7418.9868419301
7342.7574883013
7262.3144669892
7177.6577779937
7088.7874213148
6995.7033969526
6896.0941095937
6787.6479639249
6670.3649599460
6544.2450976571
6409.2883770583
6265.4947981495
6112.8643609307
5951.3970654019
5740.3592505941
5439.0172555385
5047.3710802351
4565.4207246838
3993.1661888846
3277.6277506154
2365.8256876538
1257.7600000000
314.4400000000
0.0
