100 0 100
70 95 52
34 29 0
88 96 1
36 61 86
87 72 57
42 84 95
31 75 62
86 26 0
45 43 45
9 95 52
22 60 52
68 12 20
56 74 86
81 56 15
97 96 90
43 71 59
77 94 25
5 81 0
13 84 7
27 71 53
60 40 85
6 66 76
29 11 38
79 30 17
60 100 62
84 68 82
79 23 100
90 33 59
38 39 47
40 31 46
22 79 8
0 14 82
4 22 13
5 60 73
85 59 70
15 80 7
88 60 24
92 13 19
30 36 23
77 90 15
16 34 57
18 85 0
26 2 44
27 49 55
61 98 57
87 77 54
93 24 24
87 46 93
60 35 58
87 81 76
47 76 93
91 56 4
43 45 32
64 44 23
88 62 41
88 2 7
5 71 68
93 60 12
79 35 65
1 29 15
13 91 71
18 27 76
18 73 44
77 39 37
47 58 54
79 57 66
20 56 10
86 88 73
85 24 50
3 37 98
29 76 83
63 58 65
16 18 63
59 58 80
47 69 76
92 40 13
24 43 53
91 82 81
57 27 97
51 86 59
67 16 9
75 7 23
51 64 92
7 30 1
60 74 56
84 40 0
11 20 15
20 93 0
42 4 2
20 1 58
5 36 28
66 95 71
63 92 36
91 16 98
81 38 37
23 57 82
29 74 0
9 61 86
74 98 46
70 69 16
