0.0
0.0
0.0
0.0
0.0
0.0
0.0
0.0
0.0
0.0
0.0
0.0
0.0
0.0
0.0
0.0
0.0
0.0
0.0
0.0
0.0
0.0
0.0
0.0
0.0
0.0
0.0
0.0
0.0
0.0
0.0
50.9600000000
99.8400000000
146.6400000000
191.3600000000
234.0000000000
274.5600000000
313.0400000000
349.4400000000
383.7600000000
416.0000000000
446.1600000000
474.2400000000
500.2400000000
524.1600000000
546.0000000000
565.7600000000
583.4400000000
599.0400000000
612.5600000000
624.0000000000
633.3600000000
640.6400000000
645.8400000000
648.9600000000
650.0000000000
648.9600000000
645.8400000000
640.6400000000
633.3600000000
624.0000000000
612.5600000000
599.0400000000
583.4400000000
565.7600000000
546.0000000000
524.1600000000
500.2400000000
474.2400000000
446.1600000000
416.0000000000
383.7600000000
349.4400000000
313.0400000000
274.5600000000
234.0000000000
191.3600000000
146.6400000000
99.8400000000
50.9600000000
0.0
0.0
0.0
0.0
0.0
0.0
0.0
0.0
0.0
0.0
0.0
0.0
0.0
0.0
0.0
0.0
0.0
0.0
0.0
0.0
0.0
