2800.9879873069
2918.6429791219
3035.4528961231
3149.4148797786
3258.5260715567
3360.9600291496
3454.8903102497
3540.8294148569
3619.2898429713
3688.6125025321
3747.1383014790
3794.8672398118
3831.7993175305
3857.9345346352
3875.4209328074
3886.4065537289
3890.8913973996
3891.1407019148
3889.4197053697
3885.7284077642
3880.0668090985
3872.4349093725
3862.8327085861
3820.4997579351
3755.1889532411
3675.0944070585
3587.5885869196
3492.6714928244
3390.3431247730
3282.6054009238
3171.4602394356
3056.9076403083
2938.9476035418
2817.5801291362
2692.8052170915
2564.6228674076
2433.0330800846
2298.9349396937
2163.2275308058
2025.9108534211
1886.9849075395
1746.4496931610
1604.3052102856
1460.5514589133
1315.1884390442
1168.2161506782
1016.9713775385
861.2534033483
703.5247281076
543.7853518164
387.7054525374
240.9552083333
84.9562500000
0.0
0.0
0.0
0.0
0.0
0.0
0.0
0.0
0.0
0.0
0.0
0.0
0.0
0.0
0.0
0.0
0.0
0.0
0.0
0.0
0.0
0.0
0.0
0.0
0.0
0.0
0.0
0.0
0.0
0.0
0.0
0.0
0.0
0.0
0.0
0.0
0.0
0.0
0.0
0.0
0.0
0.0
0.0
0.0
0.0
0.0
0.0
0.0
