3975.1414396519
3918.8096952378
3855.5652867281
3788.5207397553
3717.7321946702
3643.1996514728
3563.8673738402
3478.6796254495
3387.6817932978
3274.7520161149
3157.1230456339
3034.7948818548
2908.1508581110
2777.5743077357
2643.0652307290
2504.6236270909
2362.6334253928
2216.6640980814
2068.0478600695
1918.9313823943
1769.4669798706
1619.8069673132
1470.1917087003
1320.2924626709
1169.5401238859
1018.1846923452
865.6891310119
702.5802875607
534.8570467033
363.2882051282
195.6066666667
5.5000000000
0.0
0.0
0.0
0.0
0.0
0.0
0.0
0.0
0.0
0.0
0.0
0.0
0.0
0.0
0.0
0.0
0.0
0.0
0.0
0.0
0.0
0.0
0.0
0.0
0.0
0.0
0.0
0.0
0.0
0.0
0.0
0.0
0.0
0.0
0.0
0.0
0.0
0.0
0.0
0.0
0.0
0.0
0.0
0.0
0.0
0.0
0.0
0.0
0.0
0.0
0.0
0.0
0.0
0.0
0.0
0.0
0.0
0.0
0.0
0.0
0.0
0.0
0.0
0.0
0.0
0.0
0.0
0.0
0.0
