70 0 100
22 -8 -29
-10 6 28
23 -1 17
8 23 30
-14 11 -46
-37 4 -20
-23 -12 5
-2 -18 8
-17 8 26
-18 18 27
-3 52 11
-8 13 -48
-17 12 -45
16 13 -45
-6 56 1
-4 15 -49
-3 15 31
37 31 -13
-2 21 31
-34 -4 -14
12 26 -46
29 44 -1
24 23 -40
32 36 5
-13 36 24
-16 -19 -12
-35 24 -30
2 12 30
-27 41 -29
1 11 30
-19 20 27
-34 41 -10
-24 8 22
-32 16 -34
-14 20 29
-4 45 21
-16 31 26
5 9 30
13 0 -42
35 17 -27
31 40 2
35 21 -26
9 41 -40
8 13 30
38 22 -15
9 7 28
-5 54 -27
12 24 28
2 0 -45
12 -16 8
19 13 -43
-28 42 7
-11 49 15
29 -7 -16
22 -3 16
-10 44 -38
-25 -14 -3
-2 21 -49
5 7 29
-18 5 25
-25 -3 16
12 25 28
7 26 29
-35 -1 -18
0 22 31
-14 44 19
-18 -5 19
-39 6 -11
10 -1 -42
-37 34 -6
