100 0 100
-41 1 5
-31 -34 -15
-49 0 3
-35 -9 -74
-25 -9 -72
2 15 -35
-43 -26 -63
-26 13 2
-44 5 -74
-35 41 -36
-32 -11 -73
-38 -2 5
-50 -30 -14
-5 -24 -33
-25 -37 -30
-39 36 -16
-50 -4 -72
-9 1 -6
-47 -9 2
-54 -28 -13
-64 -26 -46
-66 23 -20
-66 9 -60
-38 -1 -75
-2 -11 -18
-29 15 2
-48 -18 -68
-36 2 5
-44 0 -74
-31 12 -73
-14 33 -24
-17 33 -21
-36 10 -74
-70 -16 -24
-46 2 -74
-49 -31 -55
-54 0 1
-73 7 -48
-55 21 -6
-43 -5 -74
-56 -18 -6
-28 -7 3
-64 29 -33
-63 10 -7
-24 11 2
0 19 -35
-36 -26 -5
-11 -18 -60
-37 10 4
-57 35 -33
-54 31 -54
-67 23 -23
-73 15 -38
-30 8 -74
-37 39 -46
-68 15 -55
-24 0 -73
-74 2 -48
-9 -25 -50
0 6 -52
-35 40 -45
-18 -35 -33
-57 -11 -3
-28 23 -67
-61 -26 -51
-47 -3 3
-67 -22 -26
-8 9 -63
-39 -15 1
-21 17 -2
1 -14 -38
-47 18 -1
-70 11 -16
-46 -37 -40
-37 -1 5
-63 26 -19
-40 10 -74
-31 40 -42
-35 26 -67
-1 -4 -53
-58 -24 -13
4 1 -38
-24 7 3
-21 2 2
-45 27 -6
-15 -2 -1
0 -12 -24
-33 0 -75
-14 -28 -18
-43 -34 -53
-35 -19 -70
-59 -13 -5
-20 15 -1
-44 40 -30
-70 -9 -17
-45 11 -73
-36 3 5
-46 -4 -73
-34 1 -75
-36 22 -69
