70 0 100
64 -29 51
54 -34 41
63 -29 51
60 -38 58
53 -45 46
56 -34 40
52 -32 49
50 -38 50
64 -31 42
56 -43 56
63 -34 39
56 -45 53
60 -38 38
62 -31 41
51 -35 50
60 -40 58
50 -38 51
65 -43 41
57 -32 55
58 -46 54
62 -38 38
62 -46 42
64 -35 57
61 -35 38
59 -31 55
60 -37 38
54 -32 44
55 -29 48
59 -40 38
61 -48 47
67 -38 55
53 -41 55
59 -34 39
51 -38 44
58 -43 57
66 -33 53
68 -33 50
63 -36 57
56 -43 40
53 -45 50
65 -33 41
53 -41 54
60 -39 38
67 -32 52
56 -40 39
62 -40 38
53 -45 47
64 -30 53
54 -30 47
59 -36 38
70 -40 51
69 -39 43
68 -44 48
61 -39 38
59 -38 58
60 -43 39
60 -28 50
64 -40 39
70 -36 49
54 -39 56
65 -33 54
52 -33 49
64 -33 56
52 -41 43
62 -44 55
59 -37 58
64 -30 44
56 -44 55
55 -41 56
69 -35 51
