100 0 100
-20 -35 -49
-20 -23 -43
-26 -31 -52
-25 -31 -32
-35 -29 -38
-35 -35 -38
-24 -28 -33
-28 -33 -33
-25 -36 -33
-17 -32 -38
-18 -37 -40
-33 -32 -49
-25 -38 -49
-26 -41 -39
-22 -40 -40
-17 -28 -39
-20 -25 -48
-26 -29 -32
-21 -34 -50
-31 -38 -47
-27 -33 -32
-24 -41 -40
-18 -26 -40
-24 -31 -32
-32 -24 -38
-24 -30 -32
-23 -24 -48
-19 -36 -37
-25 -32 -32
-33 -24 -38
-29 -36 -34
-28 -37 -34
-25 -33 -52
-20 -34 -50
-21 -39 -46
-27 -30 -52
-18 -28 -36
-26 -41 -41
-17 -26 -42
-28 -29 -52
-22 -27 -50
-32 -23 -45
-31 -35 -50
-26 -32 -32
-28 -41 -41
-29 -36 -50
-30 -32 -33
-26 -31 -32
-31 -26 -49
-35 -31 -45
-26 -37 -50
-35 -28 -40
-32 -36 -36
-25 -38 -35
-29 -31 -33
-27 -29 -52
-28 -31 -52
-25 -41 -39
-33 -36 -37
-22 -39 -38
-20 -37 -48
-35 -27 -43
-17 -33 -47
-33 -27 -37
-26 -35 -51
-27 -36 -33
-34 -35 -47
-18 -30 -48
-24 -30 -52
-26 -32 -52
-26 -22 -46
-17 -31 -37
-34 -30 -48
-32 -23 -40
-24 -36 -34
-21 -39 -40
-35 -34 -40
-23 -36 -34
-18 -28 -37
-27 -35 -51
-23 -27 -51
-23 -26 -34
-31 -27 -50
-22 -31 -33
-32 -26 -47
-21 -40 -41
-20 -26 -36
-31 -39 -39
-26 -29 -52
-27 -34 -33
-21 -22 -42
-27 -28 -32
-35 -27 -45
-24 -32 -32
-22 -38 -48
-17 -27 -45
-34 -34 -47
-25 -41 -40
-24 -28 -51
-28 -38 -35
