9598.5598574019
9418.6531086900
9231.3163789265
9036.5496681112
8835.1305117052
8627.8364451694
8414.6674685039
8195.6235817086
7970.7047847837
7739.8156966245
7502.8609361269
7259.8405032906
7010.7543981159
6755.6026206026
6496.2716877231
6234.6481164498
5971.5061930558
5707.6202038142
5442.9901487249
5177.6160277880
4911.4978410034
4644.6355883712
4377.0292698913
4108.6788855638
3836.5366134189
3557.5546314869
3271.7329397680
2979.0715382619
2679.5704269689
2380.5271255632
2089.2391537193
1805.7065114373
1529.7557927827
1261.2135918213
1000.0799085530
759.0163221394
550.6844117421
375.0841773611
232.2156189964
122.0787366480
44.6735303158
0.0
0.0
0.0
0.0
0.0
0.0
0.0
0.0
0.0
0.0
0.0
0.0
0.0
0.0
0.0
0.0
0.0
0.0
0.0
0.0
0.0
0.0
0.0
0.0
0.0
0.0
0.0
0.0
0.0
0.0
0.0
0.0
0.0
0.0
0.0
0.0
0.0
0.0
0.0
0.0
0.0
0.0
0.0
0.0
0.0
0.0
0.0
0.0
0.0
0.0
0.0
0.0
0.0
0.0
0.0
0.0
0.0
0.0
0.0
0.0
