12972.5882981802
12949.7494955767
12920.2249143729
12880.9478910920
12831.9184257338
12773.1365182985
12704.6021687860
12628.7526940926
12548.0254111144
12462.4203198514
12371.9374203037
12277.2565411844
12179.0575112065
12077.3403303700
11972.1049986750
11861.3880949613
11743.2261980687
11617.6193079974
11484.5674247472
11343.2622020669
11191.8709110997
11029.3691692402
10855.1069764884
10668.4343328443
10467.3276435367
10252.2935811739
10028.1222571424
9797.0735154486
9560.7506270906
9320.7568630665
9077.0922233761
8829.7324024640
8579.2560359510
8326.2660650136
8070.7624896519
7812.7453098659
7552.2145256554
7289.1701370206
7023.6121439614
6755.5405464779
6485.6237672990
6214.5302291536
5942.7258430320
5670.6765199241
5398.3822598299
5125.8430627493
4853.0589286826
4571.4003741102
4272.2379155130
3962.2530760510
3648.1273788841
3332.5051364549
3018.7242509497
2707.4783121121
2398.7673199420
2092.5912744394
1787.7769613186
1391.7030007755
973.4545606249
532.9777192982
147.5266666667
0.0
0.0
0.0
0.0
0.0
0.0
0.0
0.0
0.0
0.0
0.0
0.0
0.0
0.0
0.0
0.0
0.0
0.0
0.0
0.0
0.0
0.0
0.0
0.0
0.0
0.0
0.0
0.0
0.0
0.0
0.0
0.0
0.0
0.0
0.0
0.0
0.0
0.0
0.0
0.0
