70 0 100
75 23 -48
45 -7 48
19 44 60
19 -33 30
-39 27 -49
52 80 21
60 76 18
46 -34 14
20 27 -78
-7 -9 -63
-25 78 -24
87 17 -6
64 75 -27
-4 91 6
10 69 46
-41 -9 6
2 91 -28
30 75 -56
68 -12 23
47 29 55
41 29 -74
58 56 41
11 -18 46
-9 87 14
-11 76 31
-14 3 50
76 3 25
-23 -11 -51
44 -2 51
15 32 -78
33 15 59
13 29 -78
-2 87 19
45 -35 -30
76 0 -38
-2 4 56
69 39 -54
18 49 58
-47 49 1
-17 28 -69
17 32 -78
56 22 -67
4 40 59
24 53 -72
18 35 61
68 -16 -32
72 -19 -11
-34 15 -54
51 24 -70
-10 20 56
-16 27 -69
28 26 -77
28 95 -1
32 42 -75
-22 84 -10
72 70 -13
-6 -1 -68
-31 68 19
41 21 -74
15 46 59
-33 39 -54
29 26 -77
38 85 24
-32 11 39
-38 64 10
27 41 -76
-36 7 -49
34 79 -51
52 -35 -7
18 -35 27
