12424.1019833480
12587.6716907029
12747.6272457493
12902.7435051892
13051.7953257245
13192.0278996629
13319.0431894985
13434.0086994562
13539.7351635740
13636.3761153103
13724.0850881236
13802.8620820140
13872.7070969812
13933.6201330255
13973.8842036679
14005.2797829253
14027.6783150333
14041.8643116730
14048.6222845258
14047.9522335915
14039.8541588701
14024.3280603618
14001.6433509452
13971.8564698854
13936.3956830454
13896.9022299016
13853.7746104541
13807.1301753469
13756.6877752242
13702.4474100859
13644.4090799322
13582.5727847630
13516.9385245782
13447.5062993779
13374.2761091622
13297.2479539309
13216.5453368865
13131.8614789811
13042.7660979644
12949.2591938362
12851.3407665967
12749.0108162457
12642.2693427834
12531.1163462096
12413.4238050820
12286.0218361195
12147.8685774836
12001.8843636767
11850.5036162905
11693.2404224143
11529.6606173703
11359.6736761201
11183.6232383032
11000.6061417173
10809.3359952545
10609.9483705646
10402.9620682033
10189.9673506857
9972.5544805271
9750.7234577275
9524.4742822870
9294.6930475852
9062.2658470016
8827.1926805365
8585.7729224074
8334.3059468323
8071.6431942571
7799.1179711303
7519.2121434541
7233.1024899809
6941.9657894631
6645.8020419008
6347.5483387972
6050.4023544572
5752.3963511207
5451.3020082258
5147.1193257723
4823.7701683733
4480.6722770916
4133.3215283769
3781.5929222293
3428.2047762107
3076.0004078834
2725.6113801287
2373.8170672762
2007.9311637100
1660.8528857002
1316.3043130186
970.5685373423
627.0773809524
281.9360119048
30.0000000000
0.0
0.0
0.0
0.0
0.0
0.0
0.0
0.0
0.0
