100 0 100
55 58 52
-52 -5 2
10 19 -48
-31 21 73
-4 16 88
-47 24 -10
-19 -31 -25
13 80 25
12 11 91
19 7 -49
0 -50 54
66 57 22
14 8 91
23 23 89
11 -14 87
32 43 80
-33 39 -22
11 21 90
69 -9 -18
-32 45 60
56 65 13
78 14 -7
3 -14 86
-25 40 -28
-11 51 72
23 2 90
-31 -31 56
80 -6 5
12 41 -42
14 9 -49
7 14 91
-27 20 77
-2 0 88
-13 66 53
-2 -7 87
82 19 36
15 43 83
14 10 -49
79 0 46
-48 -8 49
4 8 90
23 -59 21
29 -7 -45
-52 3 44
-25 -10 76
54 48 -22
6 79 13
7 1 -48
46 48 -28
46 63 54
45 -14 79
-8 70 49
7 -4 -47
30 -58 23
-2 -39 68
28 -57 5
8 -39 71
9 17 90
-20 -38 -16
-17 51 -26
0 -10 -44
1 16 89
57 -26 63
28 33 -44
-38 -35 6
0 36 84
49 39 -32
72 -23 43
27 5 -48
-47 41 4
-1 30 -44
-39 53 8
27 -42 66
-29 56 -10
57 9 76
12 -19 -43
62 22 -29
75 20 -13
40 68 50
-29 -44 35
9 5 91
12 26 89
-52 29 6
20 64 65
56 60 47
-45 -28 26
17 -44 -24
58 -44 16
-12 -13 82
-56 10 16
14 -18 -43
-25 -48 14
38 -19 -38
15 -28 -38
-12 28 84
27 3 89
55 -12 73
-30 41 -24
39 1 86
-9 56 68
