17927.2514336608
17878.3232925564
17812.6073272697
17731.7910302316
17646.7208088156
17557.3966630216
17463.8185928497
17365.9865982998
17263.9006793719
17157.5608360661
17046.9670683823
16932.1193763205
16813.0177598808
16689.6622190631
16562.0527538674
16430.1893642938
16294.0720503422
16153.7008120126
16009.0756493051
15860.1965622196
15707.0635507562
15549.6766149148
15388.0357546954
15222.1409700981
15041.1724339997
14834.3103192774
14601.5546259312
14355.1650533987
14107.4013011179
13858.2633690886
13607.7512573110
13355.8649657850
13102.6044945106
12847.9698434878
12591.9610127166
12334.5780021970
12077.1501770084
11821.0069022302
11566.1481778623
11312.5740039047
11060.2843803575
10809.2793072206
10559.5587844940
10311.1228121778
10063.9713902719
9818.1045187764
9573.5221976912
9330.2244270163
9088.1696256535
8847.3162125041
8607.6641875684
8369.2135508463
8131.9643023377
7895.9164420428
7661.0699699614
7427.4248860936
7194.9811904394
6963.7388829988
6733.6979637717
6504.8584327583
6277.2202899584
6050.7835353721
5825.5481689994
5601.5141908403
5378.6816008948
5157.0503991628
4936.6205856445
4717.3921603397
4499.3651232485
4282.5394743709
4066.9152137069
3852.4923412564
3637.6911003893
3420.9317344754
3202.2142435147
2981.5386275071
2758.9048864526
2534.3130203513
2311.3149937600
2093.4627712356
1880.7563527781
1673.1957383875
1470.7809280637
1273.5119218069
1081.3887196169
892.1695075645
703.6124717203
515.7176120845
328.4849286568
117.5170654975
0.0
0.0
0.0
0.0
0.0
0.0
0.0
0.0
0.0
0.0
0.0
