21400.8892859557
21461.8012417597
21516.5162291459
21567.9278766279
21616.0361842054
21659.2161518785
21697.9603459802
21734.3863328436
21768.4941124686
21800.2836848552
21829.7550500035
21856.9082079134
21881.7431585849
21904.2599020181
21924.4584382129
21940.1325384490
21949.0759740058
21951.2887448833
21946.7708510817
21935.5222926008
21917.5430694407
21880.7407433344
21826.4692505784
21768.1749657363
21705.8578888079
21639.5180197934
21569.1553586927
21494.7699055058
21416.3616602327
21331.6532674479
21238.3673717256
21136.5039730660
21018.0229367329
20874.8841279903
20714.9044886173
20548.6000184779
20378.6697756568
20204.0790925880
20023.7933017053
19837.8124030087
19645.4828803375
19446.5495161895
19241.4106092229
19030.0661594378
18812.5161668342
18588.7606314121
18358.7995531715
18122.6329321123
17880.2607682347
17631.6830615385
17378.0807048810
17120.6345911192
16859.3447202532
16594.2110922830
16325.2337072086
16052.4125650299
15775.6428042637
15494.8195634267
15207.0483078253
14913.9114258429
14615.4089174794
14311.5407827350
14002.3070216095
13687.7076341030
13367.7426202155
13042.4119799470
12711.7157132975
12372.1656308375
12021.5361252260
11663.8181081644
11299.2101769383
10925.1825992198
10541.7353750089
10148.8685043057
9743.7415199385
9326.0788780732
8898.4455020476
8469.1392670584
8046.4580483021
7630.4018457787
7220.9706594882
6818.1644894306
6421.9833356059
6032.4271980142
5649.4960766553
5231.4408392705
4811.1642475403
4381.4431954040
3942.2776828617
3493.6677099133
3047.0620447539
2613.9094555781
2187.4767082591
1766.2356411336
1339.2810325477
910.5025883838
512.0669753086
193.7660493827
0.0
0.0
0.0
