70 0 100
5 -4 -82
-58 -46 55
5 85 -4
7 -3 -82
-78 26 -4
24 -57 -62
-22 63 -44
-37 16 84
89 -37 20
31 72 49
-8 -93 1
32 -51 -64
-42 -14 84
-49 -51 -46
18 -7 97
-64 49 -13
-75 34 4
60 -41 69
15 21 94
87 -34 34
-23 65 57
-2 0 -82
6 27 -76
2 64 67
9 -91 31
-40 -5 -69
72 -6 -53
-26 27 -70
23 66 -45
29 -4 95
4 -2 98
66 -33 -52
-74 -31 40
35 -16 92
65 -5 76
-80 -24 -11
44 77 14
7 -2 -82
2 80 39
-14 82 -9
-24 -86 28
15 54 -60
91 23 21
4 22 -78
12 2 -82
81 -47 33
15 -3 98
39 28 -69
4 -43 89
-66 42 36
-47 26 74
16 -73 66
-57 60 5
34 9 93
-50 18 -59
83 31 40
-55 61 -5
-48 4 -64
12 31 91
-66 -58 -2
63 19 73
-60 7 68
-5 13 96
-39 -16 85
19 -38 -74
-21 66 57
46 -47 76
-61 -18 66
-7 -15 -80
28 -64 -55
