22342.9973824441
22316.4359305243
22286.5538579549
22253.3511647357
22216.3516431375
22175.0790854306
22129.5334916152
22079.7148616912
22025.6231956586
21965.2003448033
21898.8627651708
21829.0850615203
21755.8672338520
21679.0297350586
21598.6998752933
21515.1845118166
21428.4836446284
21338.5972737288
21245.5253991177
21149.2680207951
21049.8251387611
20947.1967530156
20841.3828635587
20732.3834703903
20620.1985735104
20504.8281729191
20385.0230077487
20259.2599848237
20127.2652718360
19989.1722868025
19845.1144477398
19694.5235307053
19541.3741688991
19385.6663623212
19227.4001109716
19066.5754148503
18901.1512358687
18729.0865359385
18549.8458036959
18364.4632876240
18174.5087475697
17979.9821835328
17780.8835955135
17577.2129835117
17369.0861289886
17156.6188134054
16938.9575072907
16716.7486811730
16489.9923350523
16258.6884689286
16022.8370828020
15782.5129872785
15538.2667800882
15289.6220834471
15035.6267324473
14776.2807270886
14511.5840673711
14241.5367532948
13966.2170130132
13685.7030746799
13399.9949382949
13109.0926038582
12813.2235555633
12512.6152776035
12207.2677699789
11897.1810326894
11573.5581754032
11236.8594506456
10887.0848584165
10527.4823244013
10161.2997742855
9770.0662417905
9371.4549686754
8965.4659549402
8541.5870478072
8089.3060944986
7621.8150515699
7151.6455713352
6678.1373495525
6201.2903862220
5715.7414402727
5227.6557794058
4748.5619123932
4278.4598392348
3812.2087265975
3344.6677411477
2871.8024252137
2389.5783211233
1897.9954288767
1412.2857142857
961.4297619048
559.1761904762
215.1500000000
11.0000000000
0.0
0.0
0.0
0.0
0.0
0.0
0.0
