100 0 100
52 13 70
-45 -31 76
43 -65 -16
-58 -68 -4
65 -42 -16
-85 -38 -9
32 43 75
29 89 -4
18 65 -61
-1 4 93
-81 47 -31
-75 -12 -54
-9 6 -87
-69 -15 65
55 50 52
-31 20 89
-86 -36 -4
5 25 -84
-85 52 -6
-63 -8 73
16 -69 45
-17 47 83
-26 -26 -79
-53 -56 -43
-10 61 75
-73 -45 -30
1 -19 89
-61 39 68
6 68 -61
49 51 57
-46 -23 79
-65 15 -66
25 1 -80
-34 27 -81
-94 11 30
-72 -22 -54
19 56 73
2 17 -86
17 -44 -67
-62 -47 51
-29 -17 -81
-46 52 -65
9 -76 -26
77 21 -24
25 -69 37
19 42 -75
19 -31 80
13 -15 -82
-10 -75 -34
-4 7 93
9 -55 -60
-30 49 79
-72 -43 43
-74 -54 9
-11 87 -38
8 8 91
30 -71 26
-71 24 65
61 -45 -22
-94 14 30
-15 -81 -13
-88 -33 3
24 26 85
-1 -62 -54
22 -36 76
-73 65 25
34 83 28
35 -15 79
-84 -41 8
-23 2 -86
-11 17 -86
-13 -76 38
-32 -79 13
-7 6 93
13 -38 -72
-70 46 -49
41 82 -8
-89 -25 -20
10 76 -52
-58 81 12
-9 6 93
-36 -72 35
-73 -54 -10
60 3 -56
-47 8 -78
51 0 70
-8 7 93
-8 -68 -47
-67 -21 -59
-38 -14 85
-57 65 52
7 0 -85
11 30 88
-23 4 92
-2 -70 50
16 -57 61
6 -81 -9
50 -47 45
-23 91 -25
-39 -45 70
