241.9997722479
243.5384617884
244.8888996290
246.0510857697
247.0250202104
247.8107029512
248.4081339921
248.8173133330
249.0382409740
249.0709169151
248.9153411562
248.5715136974
248.0394345387
247.3191036800
246.4105211214
245.3136868629
244.0286009044
242.5552632460
240.8936738877
239.0438328294
237.0057400712
234.7793956131
232.3647994550
226.3989669031
216.9942800210
207.6261055660
198.2944435381
188.9992939373
179.7406567637
170.5185320172
161.3329196979
152.1838198056
143.0712323406
133.9951573026
124.9555946918
115.9525445081
106.9860067516
98.0559814221
89.1624685199
80.3054680447
71.4849799967
62.7010043758
53.9606333806
45.2709592098
36.6319818632
28.0437013409
19.5061176429
0.0
0.0
0.0
0.0
0.0
0.0
0.0
0.0
0.0
0.0
0.0
0.0
0.0
0.0
0.0
0.0
0.0
0.0
0.0
0.0
0.0
0.0
0.0
0.0
0.0
