0.0
27.3666715229
58.7362892663
96.0451230714
137.4149678100
180.9676183539
226.7030747031
273.4293344156
319.9067882118
366.0878292541
411.9724575425
457.5606730769
499.5637198766
534.6928419607
565.3267859694
593.8442985433
620.6302930089
645.7749688200
668.9836121040
690.2562228608
709.5928010905
726.9933467930
742.4578599684
755.9863406167
767.5787887378
777.2352043317
784.9555873985
790.7399379382
794.5882559507
796.5005414360
796.4767943943
794.3170516822
790.1936327832
776.5358390946
753.0429660990
727.3572905084
699.4788123227
669.4075315419
637.4733182960
604.0060427148
568.6523714649
531.0589712131
491.2258419592
449.1529837034
404.8403964457
344.3301290157
287.7565379357
235.1196232057
186.4193848257
141.6558227956
100.8289371155
63.9387277854
30.9851948052
7.7462987013
0.0
0.0
0.0
0.0
0.0
0.0
0.0
0.0
0.0
0.0
0.0
0.0
0.0
0.0
0.0
0.0
0.0
0.0
0.0
0.0
0.0
0.0
0.0
0.0
0.0
0.0
0.0
0.0
0.0
0.0
0.0
0.0
0.0
0.0
0.0
