4229.9366544883
4165.4470546212
4097.5862309437
4026.4756543553
3952.2367957554
3874.8696551440
3794.3742325212
3710.7505278870
3623.6786717088
3532.8387944543
3438.2308961235
3339.8549767164
3235.8517504302
3124.3619314622
3005.3855198123
2882.3125843986
2758.5331941391
2634.0473490337
2508.3014776539
2380.7420085712
2251.3689417855
2120.2094556740
1987.3285991155
1852.7642426116
1708.7959706248
1552.6950342842
1389.0702616665
1221.3750768081
1057.1058613828
899.9227344383
749.7423626411
606.4814126580
450.3157668419
266.0233861549
106.1111111111
0.0
0.0
0.0
0.0
0.0
0.0
0.0
0.0
0.0
0.0
0.0
0.0
0.0
0.0
0.0
0.0
0.0
0.0
0.0
0.0
0.0
0.0
0.0
0.0
0.0
0.0
0.0
0.0
0.0
0.0
0.0
0.0
0.0
