60 33 100
-29 27 -24
-13 -8 31
-18 68 12
-32 22 67
-36 23 67
-46 44 -11
-47 62 40
-50 -38 10
-31 19 -26
-12 -6 19
-38 61 57
-49 -41 35
-31 -71 8
-23 44 -16
-16 -8 -3
-42 46 -17
-21 44 54
-13 35 11
-23 53 -13
-38 2 66
-44 65 -5
-46 -41 44
-33 1 -26
-38 -16 65
-40 -55 47
-34 10 68
-31 37 65
-43 -21 58
-48 12 53
-22 -49 44
-27 36 64
-37 -73 26
-40 -69 27
-23 -38 -11
-40 -3 -23
-15 -23 2
-42 -65 14
-24 86 15
-45 39 -14
-42 67 50
-26 42 -20
-33 73 -10
-13 -4 32
-15 47 12
-34 -23 64
-30 18 67
-32 66 56
-45 19 60
-53 37 20
-49 59 6
-24 4 -22
-40 -3 65
-30 8 67
-26 -8 -22
-43 -45 -7
-15 -32 31
-45 -61 21
-27 43 62
-26 52 59
-37 -25 -21
