80 36 100
78 38 -27
78 38 -26
82 38 -29
81 39 45
86 39 22
76 39 12
84 40 18
82 40 -9
79 38 50
83 39 45
85 37 -3
80 38 53
75 37 -1
83 39 39
82 38 -30
75 38 24
86 37 -8
86 39 16
86 37 -14
77 39 -10
76 37 -13
79 38 -28
81 40 37
83 38 51
79 36 -8
84 38 48
83 39 48
78 38 49
81 39 -28
81 39 -25
77 39 -20
85 37 32
75 37 24
81 38 53
86 39 -5
76 37 -4
86 39 26
84 38 -26
79 36 15
84 40 14
83 38 50
77 36 5
82 38 52
87 37 -1
79 39 -27
76 39 39
78 40 11
79 37 -22
80 38 52
86 38 -17
80 39 46
80 36 36
83 40 30
76 38 41
79 38 51
83 39 46
82 39 -24
75 39 27
85 38 45
80 37 -29
79 39 -22
79 39 37
75 39 -3
84 37 -22
85 39 -13
84 39 -23
81 38 -31
87 39 26
83 37 43
81 36 14
86 38 -21
81 38 52
84 40 5
83 39 50
78 39 -23
81 40 15
85 37 -10
83 40 -12
87 38 33
77 37 -19
