0.0
0.0
0.0
0.0
0.0
0.0
0.0
0.0
0.0
0.0
0.0
0.0
0.0
128.0000000000
1034.5833333333
2117.0708333333
3076.7166666667
3983.6520833333
4753.4257305195
5493.4058651996
6194.2822360510
6845.6675955988
7429.4378908129
7941.6711080192
8389.9264835440
8740.0883136056
8989.0388742206
9149.4293503152
9226.6166507211
9212.2973994165
9156.9332666753
9058.4568913865
8904.9135071359
8702.0326729063
8472.1292696500
8215.2032973670
7915.0062441525
7567.9743422268
7180.6874746035
6747.0407801717
6214.1949456098
5524.8606575964
4750.1639739229
3955.4761904762
2931.0634920635
1875.5158730159
916.3750000000
155.0000000000
0.0
0.0
0.0
0.0
0.0
0.0
0.0
0.0
0.0
