100 44 100
-6 16 59
-67 35 83
-29 4 57
5 9 87
-41 61 68
-75 34 69
-29 -5 91
-41 -8 90
-73 39 70
-46 -46 82
18 -21 68
-77 -6 66
-29 7 57
-26 -6 91
-50 -41 65
-82 -4 69
-46 61 79
-59 33 62
-30 6 91
-52 -27 87
-60 22 61
15 42 72
-41 21 58
-14 -15 89
-36 60 67
-38 7 57
-3 -30 85
-14 -48 66
-6 62 75
-23 1 57
-35 11 57
-45 5 58
-55 -47 79
-8 -40 64
-14 8 90
-30 55 64
-58 13 60
-44 -30 61
-64 -23 63
-49 -1 58
13 46 76
-18 65 76
-22 60 66
24 -9 70
-7 61 72
-45 -46 82
-72 -28 80
-32 17 91
-25 4 91
-18 45 61
-47 -48 81
-63 -8 87
-37 -35 87
-14 7 90
3 44 83
-18 31 59
-58 -48 73
18 31 80
4 17 61
-24 66 72
-34 35 89
-47 -2 58
-46 -42 84
-55 60 75
-19 -34 61
-30 -44 84
-27 -26 59
-38 11 91
-33 33 59
-34 49 86
-51 62 74
13 18 85
15 -16 83
-30 5 91
-31 8 91
-37 14 57
-76 -28 75
-9 32 88
-62 9 60
-33 10 91
-62 -29 64
-56 -48 70
-31 3 57
-40 -10 58
-13 -20 89
-10 1 58
-61 6 88
-22 -46 83
-49 11 90
-24 -5 57
-44 2 58
-30 11 57
-14 6 58
-4 -21 60
-80 14 68
-25 6 91
-74 11 64
4 25 87
-61 55 71
-46 16 58
