0.0
278.5000000000
287.5798151649
296.4424490653
305.0879017013
313.5161730729
321.7272631800
329.7211720227
337.4978996009
345.0574459147
352.3998109641
359.5249947490
366.4329972695
373.1238185255
379.5974585171
385.8539172443
391.8931947070
397.7152909053
403.3202058391
408.7079395085
413.8784919135
418.8318630540
423.5680529301
428.0870615417
432.3888888889
436.4735349716
440.3409997900
443.9912833438
447.4243856333
450.6403066583
453.6390464188
456.4206049149
458.9849821466
461.3321781138
463.4621928166
465.3750262550
467.0706784289
468.5491493384
469.8104389834
470.8545473640
471.6814744802
472.2912203319
472.6837849191
472.8591682420
472.8173703004
472.5583910943
472.0822306238
471.3888888889
470.4783658895
469.3506616257
468.0057760975
466.4437093048
464.6644612476
462.6680319261
460.4544213401
458.0236294896
455.3756563747
452.5105019954
449.4281663516
446.1286494434
442.6119512707
438.8780718336
434.9270111321
430.7587691661
426.3733459357
421.7707414409
416.9509556816
411.9139886578
406.6598403697
401.1885108171
395.5000000000
0.0
