0.0
95.5000000000
99.1248647918
102.7203893997
106.2865738237
109.8234180638
113.3309221201
116.8090859924
120.2579096809
123.6773931855
127.0675365062
130.4283396431
133.7598025960
137.0619253651
140.3347079502
143.5781503515
146.7922525690
149.9770146025
153.1324364521
156.2585181179
159.3552595998
162.4226608978
165.4607220119
168.4694429421
171.4488236885
174.3988642509
177.3195646295
180.2109248242
183.0729448350
185.9056246620
188.7089643050
191.4829637642
194.2276230395
196.9429421309
199.6289210384
202.2855597620
204.9128583018
207.5108166577
210.0794348296
212.6187128177
215.1286506220
217.6092482423
220.0605056787
222.4824229313
224.8750000000
227.2382368848
229.5721335857
231.8766901028
234.1519064359
236.3977825852
238.6143185506
240.8015143321
242.9593699297
245.0878853434
247.1870605733
249.2568956193
251.2973904813
253.3085451595
255.2903596539
257.2428339643
259.1659680909
261.0597620335
262.9242157923
264.7593293672
266.5651027582
268.3415359654
270.0886289886
271.8063818280
273.4947944835
275.1538669551
276.7835992428
278.3839913467
279.9550432666
281.4967550027
283.0091265549
284.4921579232
285.9458491076
287.3702001082
288.7652109248
290.1308815576
291.4672120065
292.7742022715
294.0518523526
295.3001622499
296.5191319632
297.7087614927
298.8690508383
300.0000000000
0.0
