0.0
664.0000000000
665.2126105344
666.3798539023
667.5017301038
668.5782391388
669.6093810073
670.5951557093
671.5355632449
672.4306036140
673.2802768166
674.0845828527
674.8435217224
675.5570934256
676.2252979623
676.8481353326
677.4256055363
677.9577085736
678.4444444444
678.8858131488
679.2818146867
679.6324490581
679.9377162630
680.1976163014
680.4121491734
680.5813148789
680.7051134179
680.7835447905
680.8166089965
680.8043060361
680.7466359093
680.6435986159
680.4951941561
680.3014225298
680.0622837370
679.7777777778
679.4479046521
679.0726643599
678.6520569012
678.1860822760
677.6747404844
677.1180315263
676.5159554018
675.8685121107
675.1757016532
674.4375240292
673.6539792388
672.8250672818
671.9507881584
671.0311418685
670.0661284121
669.0557477893
668.0000000000
0.0
