0.0
205.5000000000
205.6203550296
205.7352662722
205.8447337278
205.9487573964
206.0473372781
206.1404733728
206.2281656805
206.3104142012
206.3872189349
206.4585798817
206.5244970414
206.5849704142
206.6400000000
206.6895857988
206.7337278107
206.7724260355
206.8056804734
206.8334911243
206.8558579882
206.8727810651
206.8842603550
206.8902958580
206.8908875740
206.8860355030
206.8757396450
206.8600000000
206.8388165680
206.8121893491
206.7801183432
206.7426035503
206.6996449704
206.6512426036
206.5973964497
206.5381065089
206.4733727811
206.4031952663
206.3275739645
206.2465088757
206.1600000000
206.0680473373
205.9706508876
205.8678106509
205.7595266272
205.6457988166
205.5266272189
205.4020118343
205.2719526627
205.1364497041
204.9955029586
204.8491124260
204.6972781065
204.5400000000
204.3772781065
204.2091124260
204.0355029586
203.8564497041
203.6719526627
203.4820118343
203.2866272189
203.0857988166
202.8795266272
202.6678106509
202.4506508876
202.2280473373
202.0000000000
0.0
