60 33 100
24 -46 34
34 -37 99
33 -42 34
21 -32 99
21 -44 34
24 -30 99
34 -37 34
29 -30 99
19 -35 34
22 -45 99
31 -44 34
18 -38 99
33 -34 34
18 -40 99
30 -45 34
29 -31 99
32 -33 34
20 -43 99
27 -46 34
26 -46 99
18 -39 34
31 -44 99
23 -46 34
33 -35 99
31 -32 34
19 -34 99
25 -30 34
33 -43 99
22 -31 34
20 -32 99
31 -31 34
33 -41 99
33 -35 34
27 -30 99
18 -36 34
32 -43 99
34 -39 34
19 -42 99
26 -46 34
28 -46 99
25 -46 34
30 -45 99
32 -32 34
26 -30 99
18 -40 34
27 -46 99
18 -41 34
22 -31 99
20 -43 34
28 -30 99
31 -45 34
18 -36 99
34 -40 34
19 -41 99
28 -30 34
34 -40 99
21 -32 34
25 -30 99
20 -33 34
21 -44 99
