0.0
263.5000000000
263.5786940687
263.6534859521
263.7243756504
263.7913631634
263.8544484912
263.9136316337
263.9689125911
264.0202913632
264.0677679501
264.1113423517
264.1510145682
264.1867845994
264.2186524454
264.2466181061
264.2706815817
264.2908428720
264.3071019771
264.3194588970
264.3279136316
264.3324661811
264.3331165453
264.3298647242
264.3227107180
264.3116545265
264.2966961498
264.2778355879
264.2550728408
264.2284079084
264.1978407908
264.1633714880
264.1250000000
264.0827263267
264.0365504683
263.9864724246
263.9324921956
263.8746097815
263.8128251821
263.7471383975
263.6775494277
263.6040582726
263.5266649324
263.4453694069
263.3601716961
263.2710718002
263.1780697190
263.0811654527
262.9803590010
262.8756503642
262.7670395421
262.6545265349
262.5381113424
262.4177939646
262.2935744017
262.1654526535
262.0334287201
261.8975026015
261.7576742976
261.6139438085
261.4663111342
261.3147762747
261.1593392300
261.0000000000
0.0
