80 36 100
-51 -75 37
-59 -74 99
-60 -74 37
-65 -80 99
-48 -87 37
-47 -81 99
-64 -79 37
-49 -88 99
-54 -91 37
-58 -73 99
-52 -90 37
-47 -79 99
-61 -89 37
-48 -78 99
-65 -84 37
-65 -82 99
-53 -73 37
-65 -85 99
-63 -87 37
-63 -87 99
-58 -73 37
-51 -75 99
-65 -79 37
-48 -85 99
-47 -83 37
-59 -91 99
-64 -78 37
-61 -90 99
-53 -74 37
-50 -89 99
-50 -75 37
-47 -83 99
-60 -90 37
-62 -76 99
-56 -73 37
-57 -91 99
-51 -90 37
-59 -73 99
-59 -74 37
-62 -89 99
-51 -89 37
-56 -73 99
-64 -86 37
-58 -91 99
-47 -84 37
-49 -87 99
-53 -90 37
-52 -74 99
-49 -88 37
-65 -83 99
-63 -76 37
-65 -79 99
-49 -76 37
-59 -90 99
-64 -85 37
-64 -78 99
-48 -77 37
-53 -90 99
-65 -83 37
-55 -73 99
-61 -75 37
-63 -88 99
-50 -88 37
-63 -76 99
-63 -77 37
-53 -73 99
-57 -91 37
-65 -84 99
-63 -88 37
-49 -76 99
-59 -73 37
-62 -75 99
-61 -74 37
-64 -86 99
-58 -91 37
-47 -80 99
-59 -91 37
-61 -75 99
-48 -78 37
-48 -86 99
