0.0
18292.5000000000
18301.6702674897
18310.6255144033
18319.3657407407
18327.8909465021
18336.2011316872
18344.2962962963
18352.1764403292
18359.8415637860
18367.2916666667
18374.5267489712
18381.5468106996
18388.3518518519
18394.9418724280
18401.3168724280
18407.4768518519
18413.4218106996
18419.1517489712
18424.6666666667
18429.9665637860
18435.0514403292
18439.9212962963
18444.5761316872
18449.0159465021
18453.2407407407
18457.2505144033
18461.0452674897
18464.6250000000
18467.9897119342
18471.1394032922
18474.0740740741
18476.7937242798
18479.2983539095
18481.5879629630
18483.6625514403
18485.5221193416
18487.1666666667
18488.5961934156
18489.8106995885
18490.8101851852
18491.5946502058
18492.1640946502
18492.5185185185
18492.6579218107
18492.5823045268
18492.2916666667
18491.7860082305
18491.0653292181
18490.1296296296
18488.9789094650
18487.6131687243
18486.0324074074
18484.2366255144
18482.2258230453
18480.0000000000
0.0
