100 44 100
-61 32 45
40 40 99
71 -25 45
25 49 99
-75 12 45
-50 -85 99
71 -30 45
-29 -96 99
46 -79 45
-19 54 99
71 -18 45
60 17 99
71 -13 45
21 -94 99
-79 -45 45
-66 27 99
47 34 45
56 23 99
-29 -96 45
11 -97 99
24 49 45
-79 -46 99
-65 -72 45
-58 -79 99
71 -16 45
57 22 99
-15 -98 45
0 -99 99
-40 47 45
40 -84 99
35 43 45
57 23 99
-82 -36 45
-52 -84 99
-79 -46 45
65 7 99
-82 -7 45
69 -5 99
-14 55 45
-75 11 99
-54 38 45
-82 -35 99
47 -78 45
-79 -48 99
31 45 45
40 39 99
-69 22 45
-35 -93 99
-46 -88 45
71 -20 99
71 -15 45
13 -97 99
-24 53 45
-63 29 99
-73 16 45
-68 23 99
-6 -99 45
67 -47 99
-61 -76 45
58 -65 99
-72 17 45
-33 -94 99
-47 -87 45
63 -56 99
-66 27 45
-81 -38 99
-49 42 45
-8 55 99
16 -96 45
66 -49 99
-41 -91 45
-37 49 99
-82 -33 45
-67 25 99
-31 51 45
-71 -63 99
-65 27 45
-4 55 99
-74 15 45
71 -27 99
-55 -82 45
3 -98 99
-75 13 45
10 53 99
55 25 45
-81 -4 99
-56 37 45
53 27 99
43 -81 45
44 -80 99
-17 54 45
-55 37 99
-81 -6 45
67 3 99
-14 -99 45
18 -95 99
-53 39 45
25 48 99
-83 -28 45
59 -63 99
